0 14 120 50 15 50 50
50 11 118 49 16 47 49
100 8 119 53 18 44 49
150 12 115 55 17 41 51
200 10 115 54 16 41 50
250 11 111 53 17 41 49
300 10 112 53 19 36 53
350 10 109 55 19 37 52
400 10 119 56 21 38 54
450 9 119 57 22 39 54
500 7 118 57 25 39 53
550 6 118 58 26 36 52
600 8 122 55 27 35 52
650 10 122 52 26 34 53
700 10 119 57 30 36 52
750 11 111 60 32 32 51
800 9 113 64 34 35 51
850 10 114 65 35 32 51
900 11 116 63 36 31 51
950 12 117 61 34 29 52
1000 11 124 63 34 32 51
1050 11 121 63 38 29 52
1100 11 126 64 38 29 56
1150 10 127 62 40 31 54
1200 10 124 65 43 29 56
1250 7 122 69 45 25 54
1300 6 124 70 47 27 54
1350 5 128 69 45 26 56
1400 5 120 74 47 27 59
1450 5 115 74 48 26 57
1500 5 123 75 45 26 58
1550 5 126 76 46 25 58
1600 4 116 78 50 25 58
1650 5 112 78 50 25 58
1700 6 114 74 49 25 58
1750 5 115 78 50 25 58
1800 6 118 79 50 27 58
1850 6 115 86 53 26 59
1900 6 112 84 55 28 61
1950 6 116 81 55 25 61
2000 5 113 81 55 27 60
2050 6 121 82 54 28 61
2100 7 120 79 54 28 61
2150 8 120 81 55 27 60
2200 6 117 81 54 26 60
2250 8 112 85 55 26 60
2300 11 117 86 55 25 64
2350 10 115 88 59 24 64
2400 10 112 86 59 25 65
2450 9 121 88 60 24 68
2500 12 121 85 58 22 73
2550 6 118 89 63 21 72
2600 9 124 90 64 18 69
2650 8 119 91 63 20 70
2700 9 122 91 65 21 71
2750 10 124 91 63 21 71
2800 9 131 96 63 22 69
2850 8 127 96 67 21 70
2900 9 127 98 66 20 71
2950 11 130 98 67 20 75
3000 12 124 93 67 20 72
3050 12 125 98 68 19 71
3100 8 123 98 70 19 72
3150 9 124 96 69 21 75
3200 7 125 95 71 18 75
3250 9 116 97 73 17 71
3300 9 123 102 74 16 75
3350 9 118 98 75 18 82
3400 6 130 99 78 17 82
3450 9 122 97 77 18 83
3500 8 125 94 77 18 81
3550 12 120 99 77 17 85
3600 10 121 98 77 17 86
3650 11 120 99 81 17 87
3700 13 114 98 79 16 92
3750 13 124 96 78 15 94
3800 12 125 99 81 14 92
3850 12 128 98 82 15 97
3900 11 129 104 83 16 97
3950 11 132 103 82 16 102
4000 11 131 103 84 17 100
4050 14 137 102 85 16 102
4100 12 140 102 85 15 104
4150 11 133 103 84 15 105
4200 11 133 106 86 16 104
4250 14 134 106 86 15 105
4300 10 130 106 91 15 110
4350 11 128 106 91 15 108
4400 11 132 108 91 14 107
4450 10 132 107 95 14 108
4500 9 124 111 96 14 109
4550 10 125 106 97 14 108
4600 9 134 108 97 13 108
4650 9 119 110 97 14 109
4700 9 126 107 95 13 107
4750 12 134 106 91 13 111
4800 18 130 104 87 12 125
4850 18 134 104 89 12 122
4900 18 131 101 86 12 126
4950 20 134 98 83 12 133
5000 21 133 93 80 12 138
5050 24 139 89 77 12 141
5100 27 134 85 75 17 136
5150 24 125 89 75 17 138
5200 26 132 87 76 21 135
5250 25 127 86 74 22 131
5300 24 126 80 73 22 135
5350 23 121 83 72 25 134
5400 26 123 84 73 26 133
5450 27 122 85 70 28 131
5500 29 115 78 69 28 134
5550 30 124 72 67 31 131
5600 31 117 73 68 31 134
5650 35 127 69 67 31 132
5700 30 119 72 69 36 126
5750 34 121 68 66 35 130
5800 34 123 66 69 35 130
5850 32 120 70 66 34 129
5900 37 118 63 61 36 133
5950 33 124 67 63 36 133
6000 34 124 63 64 36 132
6050 29 123 68 67 35 131
6100 29 125 65 66 33 132
6150 32 120 61 64 32 132
6200 35 119 61 64 34 132
6250 39 112 59 63 33 131
6300 39 105 53 60 34 134
6350 41 110 53 61 34 131
6400 42 112 55 61 35 128
6450 45 105 53 59 36 131
6500 42 103 60 56 36 132
6550 40 105 58 53 36 126
6600 41 102 54 54 35 130
6650 42 107 54 54 36 128
6700 41 111 53 53 37 128
6750 47 110 56 53 36 132
6800 47 111 49 52 36 132
6850 44 108 51 50 39 130
6900 45 101 53 50 37 128
6950 45 110 54 49 36 128
7000 48 109 53 50 39 127
7050 49 101 48 48 39 131
7100 46 104 50 48 40 126
7150 44 106 51 48 38 123
7200 47 107 51 48 40 124
7250 50 110 48 49 39 121
7300 50 105 51 48 38 121
7350 50 104 50 47 41 119
7400 48 104 48 46 40 117
7450 50 109 45 45 41 114
7500 48 100 49 46 41 120
7550 48 102 44 46 41 119
7600 49 105 46 45 41 115
7650 47 102 45 45 41 112
7700 44 96 46 43 43 114
7750 47 99 52 42 45 110
7800 49 101 52 40 43 112
7850 46 100 50 41 41 114
7900 44 103 52 40 41 111
7950 44 105 50 38 43 114
8000 43 100 52 38 44 110
8050 45 99 50 39 45 107
8100 41 95 50 38 49 107
8150 43 94 50 38 46 107
8200 43 99 49 40 47 106
8250 42 94 47 38 49 104
8300 45 96 48 36 49 102
8350 46 98 50 35 47 99
8400 43 96 47 34 48 107
8450 45 89 45 33 48 103
8500 44 88 47 33 45 100
8550 48 99 47 34 41 103
8600 45 100 47 34 43 104
8650 47 101 44 35 41 99
8700 42 105 47 37 40 98
8750 42 103 48 39 39 98
8800 40 109 55 40 40 98
8850 39 106 53 40 38 94
8900 38 104 51 42 37 95
8950 37 104 53 44 37 93
9000 34 102 55 46 38 95
9050 33 102 57 47 37 97
9100 33 106 60 51 37 96
9150 31 104 63 54 36 94
9200 28 108 65 55 35 93
9250 26 112 66 55 33 93
9300 24 111 68 55 33 97
9350 24 105 69 56 32 97
9400 25 101 70 57 33 96
9450 25 103 75 55 32 98
9500 24 104 73 54 35 99
9550 22 107 72 57 31 97
9600 20 105 76 60 32 98
9650 22 103 75 59 30 98
9700 23 103 76 60 32 99
9750 22 101 79 58 30 104
9800 22 104 82 60 31 99
9850 23 103 75 61 32 104
9900 23 112 78 63 30 101
9950 24 116 76 60 31 104
10000 23 123 71 59 28 105
10050 21 113 68 58 28 108
10100 21 114 74 58 29 107
10150 20 112 73 59 28 103
10200 18 111 73 58 28 107
10250 19 109 75 59 28 108
10300 17 117 80 60 28 106
10350 17 120 76 62 29 102
10400 18 116 74 63 29 100
10450 15 120 75 65 30 102
10500 16 116 79 65 29 102
10550 17 125 75 67 26 100
10600 14 120 75 66 29 100
10650 14 119 76 65 26 101
10700 12 125 75 64 27 103
10750 12 131 77 68 26 102
10800 15 125 77 65 27 104
10850 13 124 81 63 25 102
10900 14 133 76 62 25 100
10950 12 129 74 62 24 101
11000 15 130 74 62 25 98
11050 12 132 80 65 26 97
11100 12 126 82 67 24 97
11150 13 131 78 65 22 97
11200 12 128 75 65 23 98
11250 11 126 74 64 22 102
11300 11 134 79 65 21 103
11350 9 136 80 66 20 97
11400 13 131 79 65 20 101
11450 15 129 72 66 19 99
11500 16 136 74 68 20 100
11550 16 127 73 67 20 98
11600 15 127 76 66 19 98
11650 17 125 75 65 19 98
11700 17 129 74 65 21 99
11750 18 134 76 63 21 102
11800 15 125 76 66 19 99
11850 17 130 81 65 21 100
11900 15 129 78 64 19 100
11950 15 132 74 65 19 98
12000 14 124 80 63 18 96
12050 14 124 82 62 18 95
12100 14 130 79 61 18 92
12150 15 126 74 66 18 97
12200 15 125 72 65 18 97
12250 16 127 72 66 17 94
12300 16 124 71 64 14 91
12350 17 129 72 64 14 92
12400 16 123 72 63 16 92
12450 16 121 73 62 16 92
12500 16 117 76 64 14 91
12550 18 119 73 63 13 89
12600 17 119 77 63 12 88
12650 16 111 76 66 13 89
12700 14 116 78 66 14 88
12750 12 112 74 66 14 88
12800 15 108 73 65 14 90
12850 14 116 71 66 15 83
12900 15 118 73 66 18 83
12950 11 123 73 64 16 87
13000 11 124 68 63 15 81
13050 11 130 68 61 16 86
13100 13 132 71 60 16 88
13150 12 131 69 59 16 82
13200 13 131 66 58 14 85
13250 10 134 66 60 12 84
13300 14 131 67 62 12 83
13350 16 131 67 64 12 90
13400 15 130 68 65 12 88
13450 19 137 61 61 12 94
13500 19 134 59 60 12 100
13550 19 134 61 58 11 99
13600 20 139 62 58 11 97
13650 21 146 58 56 10 104
13700 23 138 57 52 12 113
13750 22 134 56 51 11 110
13800 23 126 49 50 11 114
13850 27 126 47 49 14 117
13900 29 124 43 48 13 121
13950 26 126 47 47 13 120
14000 27 132 47 48 12 119
14050 28 131 46 48 13 116
14100 28 133 43 47 15 118
14150 28 133 42 47 16 114
14200 28 130 44 46 17 113
14250 27 126 44 45 16 112
14300 25 127 43 44 17 111
14350 27 121 42 42 18 107
14400 28 123 42 42 17 105
14450 31 119 42 42 19 105
14500 30 120 41 43 21 105
14550 28 120 39 42 21 107
14600 29 121 40 43 21 105
14650 28 119 40 41 23 106
14700 33 124 40 40 24 108
14750 31 121 39 41 27 106
14800 31 116 42 39 27 103
14850 31 118 43 39 27 103
14900 28 109 42 38 29 103
14950 28 107 38 38 28 102
15000 27 113 43 36 29 101
15050 27 112 35 34 29 98
15100 28 119 36 36 33 97
15150 29 119 32 33 34 92
15200 31 121 37 34 33 93
15250 30 113 36 33 31 89
15300 27 117 35 31 32 90
15350 29 109 38 31 31 89
15400 29 120 37 30 31 83
15450 27 110 38 28 28 86
15500 31 113 37 29 29 82
15550 29 122 34 29 28 85
15600 30 122 37 29 29 83
15650 30 114 37 29 33 82
15700 26 125 35 28 32 81
15750 30 122 34 29 34 84
15800 30 125 38 29 34 81
15850 32 124 33 29 34 78
15900 32 121 32 29 33 78
15950 34 130 33 28 35 80
16000 33 131 35 27 33 75
16050 35 132 36 29 33 75
16100 37 126 39 30 34 75
16150 37 129 37 30 32 73
16200 35 128 36 30 30 74
16250 36 120 33 30 32 76
16300 35 126 37 30 30 74
16350 36 126 33 30 34 71
16400 35 120 33 30 33 70
16450 33 127 33 30 32 68
16500 35 122 35 30 36 67
16550 33 120 37 29 36 64
16600 34 113 36 29 36 66
16650 34 119 38 31 36 64
16700 30 116 40 30 36 65
16750 33 126 37 28 33 69
16800 35 126 35 27 31 68
16850 33 126 36 27 35 68
16900 34 128 33 29 34 66
16950 35 123 34 29 33 65
17000 35 119 33 27 33 62
17050 35 119 36 27 35 60
17100 37 118 38 26 36 62
17150 38 116 39 26 38 60
17200 38 111 38 26 37 59
17250 36 111 39 25 37 58
