0 14 120 50 15 50 50
50 12 122 50 15 48 56
100 11 119 49 15 48 54
150 12 111 50 16 47 54
200 12 117 53 17 47 52
250 10 119 51 16 45 54
300 10 118 54 18 46 57
350 12 116 54 17 45 53
400 8 117 59 22 43 52
450 7 112 58 23 41 53
500 7 117 56 25 40 53
550 6 110 56 26 39 52
600 9 103 55 26 41 56
650 7 103 55 28 39 55
700 7 101 53 28 41 53
750 6 102 54 28 40 53
800 5 103 53 30 36 55
850 8 109 52 28 37 53
900 6 108 61 32 37 55
950 7 111 65 32 36 57
1000 6 111 66 35 36 55
1050 7 111 66 34 35 56
1100 7 106 69 37 33 56
1150 6 105 71 39 33 56
1200 4 107 70 40 33 55
1250 7 108 69 40 33 56
1300 8 101 75 39 35 57
1350 10 107 72 39 33 56
1400 8 106 80 43 34 55
1450 9 105 77 44 33 58
1500 9 106 80 45 33 62
1550 10 104 82 47 31 63
1600 13 105 77 46 28 64
1650 13 101 77 46 28 62
1700 14 100 77 46 30 64
1750 13 99 80 47 28 63
1800 12 95 81 45 26 67
1850 14 105 81 46 27 72
1900 15 100 82 46 26 75
1950 17 109 80 48 27 75
2000 14 111 81 50 25 79
2050 13 105 86 54 25 79
2100 11 106 90 58 26 76
2150 11 112 86 57 25 74
2200 10 104 90 57 24 76
2250 11 106 92 58 25 81
2300 10 112 93 60 23 84
2350 7 112 94 60 23 82
2400 7 115 93 62 23 80
2450 6 110 95 61 23 81
2500 4 107 92 64 23 76
2550 6 113 96 67 23 77
2600 6 108 93 65 21 80
2650 7 109 95 65 22 80
2700 6 103 100 66 21 82
2750 6 104 97 67 21 82
2800 6 107 102 68 19 81
2850 8 109 97 68 19 81
2900 9 105 92 66 17 82
2950 8 108 94 64 17 84
3000 6 107 97 67 17 87
3050 8 105 96 66 17 86
3100 9 103 95 67 18 86
3150 8 94 97 69 18 88
3200 7 100 92 68 17 88
3250 7 96 91 69 17 88
3300 9 103 95 68 16 87
3350 10 98 91 66 16 91
3400 7 101 92 69 16 91
3450 8 103 93 70 17 90
3500 9 104 96 72 16 86
3550 8 100 92 67 16 89
3600 8 99 90 68 17 89
3650 9 102 86 68 15 89
3700 10 102 89 68 16 87
3750 9 102 88 68 14 86
3800 10 105 87 68 15 85
3850 11 108 86 69 14 86
3900 11 104 80 68 14 91
3950 10 101 82 70 15 92
4000 10 105 85 68 14 93
4050 8 102 82 71 14 94
4100 7 104 83 70 13 90
4150 3 104 90 74 13 89
4200 5 101 88 77 15 89
4250 6 111 90 77 15 92
4300 6 115 90 77 14 97
4350 5 109 92 76 15 96
4400 9 110 89 76 14 99
4450 7 106 87 76 14 100
4500 7 105 88 75 14 98
4550 4 115 93 78 14 98
4600 4 114 93 79 14 98
4650 7 113 91 81 13 102
4700 8 111 90 79 12 104
4750 8 111 88 78 13 103
4800 9 111 87 77 12 111
4850 12 117 82 75 11 112
4900 13 107 85 73 12 116
4950 12 110 81 72 12 113
5000 11 109 80 70 12 119
5050 12 115 76 69 12 118
5100 13 109 75 65 13 128
5150 15 109 68 65 12 125
5200 15 109 71 64 13 119
5250 16 101 66 64 17 116
5300 16 103 69 64 16 120
5350 17 105 66 62 15 117
5400 21 100 66 60 15 125
5450 19 103 65 58 18 127
5500 22 100 68 58 20 123
5550 22 97 63 59 20 122
5600 23 99 67 59 21 117
5650 25 97 66 59 22 120
5700 25 97 65 58 20 120
5750 26 95 60 57 21 125
5800 29 95 58 55 21 127
5850 29 97 62 54 20 129
5900 30 96 60 55 20 125
5950 33 95 60 51 23 123
6000 33 95 59 49 23 120
6050 33 96 58 49 24 124
6100 31 95 62 48 25 122
6150 34 99 61 48 21 128
6200 35 99 61 48 24 128
6250 33 97 58 47 26 130
6300 31 94 62 47 26 131
6350 31 99 62 45 22 129
6400 31 94 60 43 21 129
6450 32 91 60 43 21 128
6500 32 85 66 43 24 125
6550 32 87 61 43 22 126
6600 32 91 60 43 21 125
6650 33 87 63 43 22 125
6700 32 86 59 42 25 118
6750 32 81 60 41 25 120
6800 36 77 60 40 26 119
6850 36 82 57 40 28 119
6900 41 88 57 39 29 116
6950 38 85 55 40 31 116
7000 38 84 54 39 32 113
7050 40 90 55 40 33 114
7100 41 76 54 37 32 112
7150 40 77 46 38 32 110
7200 42 78 48 38 33 109
7250 41 79 49 37 35 111
7300 42 78 47 36 32 112
7350 44 78 43 37 34 110
7400 45 81 48 36 33 111
7450 45 80 51 37 32 107
7500 45 80 47 36 37 109
7550 46 85 46 35 38 105
7600 45 87 48 34 38 107
7650 49 82 47 34 38 111
7700 50 82 48 33 34 110
7750 50 85 50 33 36 109
7800 49 81 48 33 35 110
7850 47 83 45 34 34 109
7900 48 90 47 32 36 108
7950 46 93 41 33 35 109
8000 47 91 45 32 37 107
8050 49 96 41 31 36 106
8100 47 98 41 31 36 108
8150 45 99 42 32 36 105
8200 44 103 42 30 36 103
8250 44 102 42 30 34 104
8300 46 96 43 28 34 103
8350 45 100 43 26 33 103
8400 46 103 43 29 32 102
8450 44 99 42 26 33 102
8500 47 104 42 26 32 99
8550 46 105 41 28 32 96
8600 44 106 45 27 31 98
8650 44 111 39 28 32 95
8700 41 107 41 30 29 97
8750 41 110 43 30 29 97
8800 44 107 43 32 25 94
8850 40 110 44 35 28 96
8900 40 109 47 35 28 94
8950 35 112 48 36 29 91
9000 35 104 57 40 29 93
9050 35 103 55 42 30 97
9100 31 103 58 45 25 94
9150 30 106 59 46 25 99
9200 31 100 62 48 23 97
9250 28 107 64 51 24 97
9300 28 114 66 51 25 94
9350 26 118 68 52 26 89
9400 25 117 71 56 24 93
9450 23 110 70 58 25 91
9500 27 114 72 54 25 92
9550 22 114 69 56 24 91
9600 24 113 70 56 23 89
9650 24 118 67 55 23 89
9700 22 119 70 54 21 90
9750 16 113 69 58 20 90
9800 18 112 70 58 23 92
9850 19 109 71 59 23 88
9900 19 110 71 58 23 89
9950 19 111 73 59 22 93
10000 17 114 75 57 22 94
10050 20 116 72 57 20 92
10100 20 107 74 57 18 97
10150 19 109 74 58 18 93
10200 20 102 76 57 17 91
10250 21 111 73 56 19 92
10300 19 103 72 57 20 91
10350 17 107 72 58 18 93
10400 17 108 73 59 17 89
10450 18 112 76 59 17 89
10500 19 108 74 60 16 90
10550 16 111 76 60 15 90
10600 16 112 74 60 15 90
10650 17 109 73 59 17 90
10700 17 119 71 61 15 95
10750 14 117 70 59 16 95
10800 13 113 70 60 16 97
10850 13 111 73 62 15 98
10900 11 117 69 61 12 98
10950 14 117 71 60 11 96
11000 14 111 66 61 11 97
11050 15 111 71 59 11 100
11100 14 108 69 59 11 101
11150 13 111 70 62 12 100
11200 13 118 74 62 12 98
11250 12 120 77 62 10 98
11300 14 121 74 62 10 98
11350 12 121 77 64 11 98
11400 12 117 75 65 10 96
11450 15 119 78 64 10 95
11500 16 114 76 64 10 97
11550 17 120 76 63 10 93
11600 15 115 77 62 10 95
11650 14 109 81 62 8 96
11700 17 106 79 63 10 99
11750 17 110 83 61 11 102
11800 16 115 86 62 10 102
11850 12 117 86 66 11 100
11900 12 120 86 65 10 100
11950 13 118 83 62 11 99
12000 14 121 72 59 9 101
12050 16 121 75 60 9 103
12100 12 126 74 62 10 104
12150 11 126 75 61 10 106
12200 13 122 73 62 10 100
12250 11 129 75 64 9 98
12300 12 125 75 65 9 101
12350 13 119 75 66 9 103
12400 14 124 75 63 10 103
12450 10 127 80 66 9 101
12500 9 124 78 67 9 101
12550 9 130 81 66 9 103
12600 8 120 83 68 10 101
12650 10 117 83 67 9 100
12700 12 116 81 68 9 101
12750 9 112 77 70 8 96
12800 9 105 84 72 6 99
12850 14 105 77 72 8 98
12900 12 106 79 72 6 98
12950 12 104 80 71 7 99
13000 11 112 80 73 8 96
13050 11 107 83 74 8 93
13100 10 102 75 71 8 94
13150 10 102 80 74 9 91
13200 10 102 77 74 8 90
13250 11 111 76 75 9 88
13300 11 103 74 74 9 89
13350 11 109 70 73 8 90
13400 11 109 66 68 8 98
13450 14 107 66 69 8 96
13500 16 109 68 68 8 98
13550 18 112 65 66 8 100
13600 23 112 61 64 7 106
13650 16 114 60 64 8 106
13700 15 116 58 62 9 108
13750 14 111 58 61 9 105
13800 15 108 61 61 12 101
13850 15 106 53 61 11 99
13900 15 108 54 58 12 102
13950 13 104 57 58 15 99
14000 14 98 57 55 15 101
14050 16 99 61 56 14 98
14100 19 102 60 54 14 104
14150 23 98 58 54 15 105
14200 23 106 52 56 15 102
14250 22 104 57 55 15 101
14300 22 101 51 52 14 101
14350 26 107 52 52 18 93
14400 26 102 54 53 20 93
14450 26 99 56 50 21 91
14500 27 95 51 51 22 91
14550 29 96 49 50 24 90
14600 28 98 51 52 23 94
14650 28 94 49 51 24 92
14700 28 94 52 52 24 92
14750 32 92 48 49 23 96
14800 33 90 48 50 25 92
14850 31 96 48 48 25 91
14900 33 91 44 46 24 94
14950 35 94 48 45 25 96
15000 37 100 51 43 26 97
15050 35 93 47 44 26 97
15100 32 91 46 44 28 93
15150 34 100 47 43 27 92
15200 37 97 50 42 28 92
15250 38 101 48 41 30 93
15300 40 105 50 41 28 92
15350 38 97 47 39 31 93
15400 40 95 47 38 30 90
15450 39 93 48 37 31 90
15500 40 92 50 37 30 91
15550 39 97 51 37 31 93
15600 40 101 55 38 33 91
15650 40 102 49 37 31 91
15700 41 108 48 35 32 90
15750 40 104 48 33 33 90
15800 38 96 49 34 35 88
15850 38 103 52 34 33 85
15900 40 92 47 33 35 82
15950 40 97 48 33 35 79
16000 39 95 42 31 33 83
16050 42 93 40 31 35 87
16100 44 93 37 30 36 86
16150 44 89 41 30 40 86
16200 44 94 41 29 39 84
16250 43 97 36 28 42 90
16300 45 105 35 25 42 85
16350 40 102 33 27 42 88
16400 40 99 32 25 44 85
16450 43 100 39 26 44 84
16500 43 96 36 26 44 81
16550 44 97 33 24 45 83
16600 44 95 32 25 42 84
16650 38 98 37 26 41 83
16700 37 98 39 26 39 82
16750 37 101 36 26 40 81
16800 37 98 38 24 40 82
16850 36 102 38 24 41 79
16900 35 102 34 24 42 78
16950 34 93 39 24 45 75
17000 35 99 40 24 45 74
17050 35 103 38 24 44 74
17100 34 98 36 24 44 75
17150 32 95 37 23 48 76
17200 34 99 31 23 47 74
17250 34 103 32 22 44 73
