0 14 120 50 15 50 50
50 11 114 50 16 46 50
100 10 115 51 18 40 50
150 10 110 56 18 41 50
200 9 112 53 19 41 49
250 11 110 53 18 39 49
300 10 113 56 20 41 46
350 11 108 55 21 40 48
400 14 104 55 23 37 48
450 11 109 56 25 37 48
500 9 107 65 27 36 47
550 7 102 65 30 36 47
600 6 108 67 31 34 42
650 9 105 71 33 35 45
700 7 110 72 33 34 44
750 8 102 70 33 32 48
800 7 101 69 33 31 48
850 8 109 70 33 31 48
900 9 109 71 36 29 47
950 9 110 77 33 33 48
1000 10 113 76 34 31 51
1050 9 111 82 37 32 50
1100 10 109 81 37 31 50
1150 7 109 80 40 31 50
1200 5 105 88 40 29 52
1250 8 110 85 42 28 50
1300 7 109 80 42 29 50
1350 6 120 80 39 29 50
1400 7 121 80 40 29 52
1450 9 117 85 41 28 53
1500 9 114 85 42 28 51
1550 7 119 88 45 28 55
1600 6 114 89 47 26 54
1650 7 120 85 44 23 51
1700 8 116 88 47 22 54
1750 4 119 94 49 22 53
1800 5 114 96 51 22 56
1850 6 116 98 53 22 54
1900 7 116 99 51 22 54
1950 8 112 97 56 21 53
2000 7 113 100 56 22 54
2050 7 110 95 54 24 54
2100 9 109 95 53 23 52
2150 8 111 96 50 21 53
2200 8 105 100 51 22 53
2250 10 111 100 53 21 53
2300 9 108 100 52 20 52
2350 8 111 102 53 21 53
2400 8 108 101 56 21 52
2450 9 112 99 55 20 55
2500 8 117 102 55 20 55
2550 7 111 102 61 19 58
2600 8 111 103 62 19 57
2650 10 114 102 63 19 60
2700 10 112 102 62 20 57
2750 8 111 103 64 19 60
2800 8 115 98 64 18 60
2850 8 111 103 63 18 59
2900 11 112 99 62 18 63
2950 12 116 96 63 19 61
3000 10 116 97 66 18 63
3050 12 114 103 64 19 65
3100 11 113 100 66 19 64
3150 5 108 106 73 18 65
3200 7 117 102 74 18 64
3250 8 118 106 74 17 64
3300 6 116 105 74 18 61
3350 7 113 104 73 18 61
3400 9 119 108 73 18 62
3450 9 125 108 77 18 63
3500 9 121 114 76 16 68
3550 8 114 113 73 16 68
3600 9 113 114 78 15 69
3650 9 116 116 76 16 68
3700 8 117 111 78 16 71
3750 6 111 119 78 16 71
3800 8 116 115 78 16 76
3850 7 113 120 81 15 76
3900 9 113 117 81 15 80
3950 8 113 117 81 16 83
4000 6 110 121 83 16 80
4050 10 119 120 86 15 85
4100 10 117 113 83 16 90
4150 8 107 113 87 17 90
4200 8 101 113 89 17 93
4250 10 98 109 91 17 94
4300 9 104 109 91 17 100
4350 7 108 113 92 17 97
4400 6 98 117 93 17 102
4450 6 100 120 94 17 100
4500 5 111 118 95 15 99
4550 5 104 121 96 13 101
4600 7 109 122 96 14 105
4650 8 118 121 97 14 107
4700 8 117 119 98 13 109
4750 11 130 116 98 12 110
4800 10 121 113 95 12 110
4850 15 122 106 88 12 126
4900 17 126 104 86 12 132
4950 21 126 101 86 12 134
5000 21 122 101 84 13 134
5050 24 124 98 80 12 143
5100 24 115 93 78 13 147
5150 24 109 93 78 16 143
5200 24 108 94 80 18 139
5250 24 110 93 74 18 145
5300 24 112 94 73 19 140
5350 24 115 95 74 19 142
5400 25 115 91 67 21 147
5450 26 110 86 63 22 154
5500 27 106 81 63 23 153
5550 30 106 83 60 25 148
5600 29 106 82 61 25 148
5650 30 108 84 62 26 141
5700 29 110 84 60 26 142
5750 32 105 82 60 27 141
5800 35 105 80 58 29 143
5850 34 100 81 58 28 143
5900 35 107 81 61 29 144
5950 37 101 81 62 30 143
6000 31 96 80 63 30 143
6050 30 95 82 62 32 141
6100 32 90 81 60 34 136
6150 32 96 80 59 33 138
6200 31 93 82 60 33 137
6250 35 98 81 58 33 139
6300 35 99 84 57 32 138
6350 34 100 82 57 31 137
6400 37 92 80 55 32 139
6450 32 89 76 55 31 141
6500 35 93 76 54 31 143
6550 35 101 74 52 30 141
6600 35 106 70 49 31 136
6650 39 95 69 49 31 141
6700 38 100 70 46 32 140
6750 35 91 72 45 32 135
6800 34 100 71 46 33 133
6850 35 101 70 45 34 132
6900 31 109 68 45 34 132
6950 32 103 67 45 33 131
7000 31 102 63 45 34 132
7050 33 100 69 44 37 128
7100 36 97 69 45 35 129
7150 34 98 58 45 35 122
7200 33 100 59 45 38 124
7250 32 94 59 46 38 123
7300 28 95 59 46 37 121
7350 27 95 60 45 40 119
7400 28 96 61 44 42 115
7450 30 96 61 44 42 113
7500 31 94 63 45 40 114
7550 28 89 57 45 45 109
7600 34 86 56 43 45 115
7650 34 86 62 43 45 113
7700 34 93 58 43 44 109
7750 33 98 58 44 46 110
7800 34 92 54 41 46 110
7850 32 91 52 39 45 117
7900 31 91 54 39 46 118
7950 32 96 54 40 41 115
8000 32 101 56 39 41 116
8050 33 110 55 38 46 117
8100 32 101 54 38 41 115
8150 32 99 53 38 41 116
8200 30 90 50 38 42 119
8250 32 88 51 39 41 116
8300 31 91 51 37 42 117
8350 33 90 54 36 44 116
8400 30 75 51 36 45 112
8450 34 85 51 38 45 112
8500 32 88 52 37 47 110
8550 31 82 51 38 45 108
8600 30 82 45 38 48 107
8650 27 82 53 39 50 106
8700 27 87 53 41 46 104
8750 26 95 53 42 43 102
8800 26 91 53 44 42 103
8850 22 91 58 45 43 103
8900 20 90 57 50 42 104
8950 19 86 65 51 41 102
9000 21 94 60 49 41 102
9050 20 96 62 50 40 104
9100 18 105 62 51 40 98
9150 16 100 62 51 37 101
9200 19 101 70 48 38 99
9250 20 102 75 49 39 102
9300 18 106 70 50 37 100
9350 18 100 69 50 36 101
9400 16 102 69 51 36 103
9450 16 99 75 53 35 103
9500 15 95 75 55 36 102
9550 14 95 77 56 36 102
9600 16 93 75 56 37 105
9650 14 91 78 58 36 104
9700 14 96 80 57 36 103
9750 17 100 73 55 36 105
9800 17 100 75 56 36 105
9850 18 100 74 57 36 106
9900 16 101 72 56 35 106
9950 16 105 72 58 33 103
10000 14 96 73 59 32 101
10050 16 109 71 57 31 101
10100 18 104 68 57 30 100
10150 16 103 71 57 31 97
10200 16 104 70 58 29 98
10250 16 107 68 60 29 100
10300 18 111 67 58 28 102
10350 15 106 68 64 28 102
10400 15 110 71 65 26 99
10450 14 115 76 62 26 100
10500 15 108 78 63 26 102
10550 14 108 82 64 25 103
10600 16 107 76 61 23 105
10650 15 103 77 61 25 102
10700 15 104 74 61 24 105
10750 18 105 74 59 21 106
10800 16 102 73 56 20 105
10850 18 100 69 55 21 101
10900 16 102 74 56 20 102
10950 15 96 69 56 20 106
11000 15 96 67 57 20 107
11050 14 103 71 54 21 106
11100 11 107 73 59 21 102
11150 13 101 71 59 19 100
11200 13 99 78 60 21 100
11250 14 97 76 61 20 101
11300 13 101 73 60 20 94
11350 13 99 71 62 21 99
11400 13 94 72 62 21 95
11450 14 96 68 61 19 96
11500 14 102 69 61 19 96
11550 15 103 68 63 19 100
11600 15 107 66 63 19 99
11650 13 107 67 62 20 97
11700 11 104 68 64 20 96
11750 14 101 71 63 18 98
11800 13 101 71 62 18 94
11850 14 102 68 62 18 95
11900 16 104 70 63 18 97
11950 12 101 71 62 18 96
12000 14 95 70 65 18 96
12050 13 96 67 62 18 92
12100 14 92 65 64 19 94
12150 13 95 63 63 20 94
12200 15 101 68 64 20 93
12250 16 98 66 63 20 92
12300 15 96 71 62 20 89
12350 14 98 72 59 19 91
12400 16 100 72 60 19 94
12450 14 102 73 63 18 92
12500 12 103 71 61 18 92
12550 12 99 75 62 17 93
12600 13 102 76 63 16 91
12650 15 101 78 62 17 91
12700 13 102 77 64 17 91
12750 12 101 80 66 15 90
12800 12 101 75 65 16 89
12850 15 95 70 64 16 90
12900 17 104 72 64 18 90
12950 19 107 71 63 16 91
13000 17 105 72 64 16 91
13050 20 110 69 62 14 99
13100 18 112 72 63 15 98
13150 18 110 71 65 14 97
13200 18 111 70 65 14 96
13250 15 103 70 65 13 95
13300 16 97 66 65 14 96
13350 15 101 64 67 14 98
13400 15 102 61 65 13 96
13450 17 102 59 63 14 101
13500 21 98 57 67 15 101
13550 20 91 59 64 15 99
13600 23 96 62 64 15 105
13650 25 94 58 61 15 108
13700 25 90 58 59 14 106
13750 23 94 58 59 14 105
13800 23 93 57 56 16 107
13850 24 96 58 59 16 106
13900 26 91 54 56 19 106
13950 24 93 55 54 18 111
14000 26 93 54 53 21 113
14050 28 91 48 51 24 115
14100 33 98 51 51 21 118
14150 33 96 47 50 22 119
14200 34 97 49 49 22 118
14250 34 91 47 47 22 115
14300 33 93 50 47 24 115
14350 32 96 51 48 26 112
14400 32 98 48 48 27 110
14450 29 98 47 49 26 109
14500 33 93 48 46 27 110
14550 33 98 50 46 27 108
14600 36 87 50 47 28 107
14650 35 80 49 43 30 108
14700 40 84 46 40 32 112
14750 40 91 44 39 30 113
14800 38 88 44 41 31 109
14850 41 92 43 40 31 105
14900 39 88 41 41 31 105
14950 40 91 43 43 34 105
15000 36 93 42 42 33 103
15050 39 92 44 40 33 102
15100 40 97 44 40 35 100
15150 40 101 49 37 36 98
15200 39 97 43 38 35 98
15250 40 99 42 37 34 100
15300 37 100 43 37 36 97
15350 41 98 46 36 38 96
15400 38 98 45 35 37 91
15450 39 98 46 35 44 87
15500 43 93 44 35 43 90
15550 48 98 44 33 40 92
15600 47 97 44 33 40 89
15650 47 95 38 33 40 88
15700 48 103 39 32 39 88
15750 49 96 43 31 39 89
15800 47 97 40 31 38 89
15850 44 97 40 32 37 86
15900 45 96 39 32 41 83
15950 44 101 36 31 40 84
16000 48 100 40 29 42 82
16050 45 98 39 29 44 78
16100 47 99 36 29 42 77
16150 47 96 40 29 41 80
16200 47 95 39 31 44 79
16250 44 94 45 31 45 78
16300 45 93 44 30 43 78
16350 44 98 43 30 43 77
16400 44 93 37 29 43 77
16450 46 95 41 30 40 78
16500 44 96 41 29 37 77
16550 45 93 43 26 42 77
16600 43 96 45 30 40 74
16650 47 102 44 28 39 79
16700 45 103 43 26 39 76
16750 46 100 42 26 39 75
16800 47 102 39 27 38 75
16850 45 94 43 26 37 75
16900 45 98 44 28 40 73
16950 45 103 42 28 35 71
17000 43 95 43 28 37 68
17050 43 105 44 26 38 71
17100 44 99 50 26 39 69
17150 43 98 48 27 40 69
17200 43 97 46 27 41 70
17250 43 99 42 27 43 67
