0 42 360 150 45 150 150
50 38 361 149 50 140 145
100 33 355 155 56 136 146
150 32 354 161 57 134 146
200 30 354 165 61 132 150
250 32 355 165 67 126 147
300 30 366 176 70 124 154
350 29 358 178 70 119 152
400 29 363 174 74 114 147
450 26 359 185 82 110 148
500 30 356 195 84 112 147
550 31 375 189 84 110 148
600 33 366 185 83 105 154
650 35 362 194 91 104 145
700 33 359 200 95 106 151
750 34 358 201 97 103 154
800 29 355 199 99 102 158
850 29 370 204 97 102 156
900 28 371 198 96 104 159
950 27 378 203 103 97 160
1000 30 378 211 102 93 163
1050 31 380 212 103 94 160
1100 29 376 209 103 93 157
1150 33 389 208 103 94 158
1200 30 391 202 105 97 165
1250 27 387 213 109 99 169
1300 27 375 219 117 95 169
1350 26 378 214 118 95 168
1400 26 383 209 120 92 166
1450 33 381 212 122 85 176
1500 32 386 207 124 87 175
1550 33 386 207 126 83 180
1600 27 387 212 130 84 185
1650 30 388 222 130 83 185
1700 30 371 227 132 83 187
1750 31 392 229 135 78 184
1800 31 395 228 136 80 185
1850 27 382 238 143 78 181
1900 29 382 234 144 76 186
1950 31 378 228 146 78 193
2000 27 384 237 146 77 195
2050 34 387 231 144 72 196
2100 29 402 239 148 73 194
2150 25 393 240 157 72 192
2200 21 389 250 160 67 199
2250 29 397 250 158 67 209
2300 29 397 250 158 67 211
2350 27 399 252 156 65 213
2400 25 399 246 163 62 213
2450 29 398 259 170 63 215
2500 25 414 258 171 60 209
2550 25 403 251 171 58 210
2600 29 394 253 171 57 228
2650 32 390 260 176 57 230
2700 31 375 257 182 54 238
2750 27 379 257 182 56 239
2800 27 379 261 183 56 253
2850 28 388 266 186 56 247
2900 26 384 266 190 55 249
2950 29 379 264 189 53 257
3000 28 373 274 189 54 268
3050 32 377 273 196 55 269
3100 26 378 271 195 52 268
3150 24 382 275 198 52 268
3200 31 390 268 196 47 289
3250 30 388 273 201 47 289
3300 25 384 267 200 46 293
3350 28 378 264 200 44 292
3400 30 397 256 202 41 292
3450 30 389 261 202 44 295
3500 27 407 264 206 43 294
3550 28 402 271 207 42 298
3600 20 405 270 213 41 298
3650 21 406 268 212 40 304
3700 20 399 269 213 40 302
3750 19 404 276 210 37 302
3800 17 399 279 214 37 305
3850 22 417 280 214 38 312
3900 22 390 272 215 38 316
3950 21 395 280 216 36 324
4000 22 401 275 223 37 321
4050 24 395 280 221 39 323
4100 28 388 273 219 38 330
4150 30 398 265 226 39 330
4200 27 379 270 229 37 340
4250 27 371 268 231 37 339
4300 24 377 273 234 38 337
4350 22 392 285 235 37 338
4400 28 395 283 238 37 337
4450 29 380 278 236 32 333
4500 28 383 283 235 35 341
4550 26 369 283 238 36 343
4600 32 369 282 241 32 344
4650 28 371 283 240 33 349
4700 40 347 265 232 35 382
4750 48 355 257 216 30 412
4800 64 359 256 210 32 440
4850 69 358 236 193 31 470
4900 82 365 229 184 31 498
4950 84 365 223 170 30 518
5000 89 356 212 169 30 526
5050 85 363 207 165 35 527
5100 88 349 209 163 52 510
5150 102 330 203 151 66 515
5200 99 322 196 149 80 508
5250 102 310 177 143 97 503
5300 105 303 185 139 108 494
5350 113 303 177 131 115 497
5400 112 287 178 132 125 478
5450 108 273 173 132 138 466
5500 100 270 172 131 145 460
5550 99 267 163 126 143 459
5600 104 271 160 121 143 465
5650 112 259 153 117 153 465
5700 113 248 153 115 163 462
5750 114 253 153 110 165 448
5800 115 243 154 111 173 445
5850 120 241 150 105 181 447
5900 119 247 147 101 192 446
5950 120 248 150 104 194 440
6000 121 254 147 96 197 439
6050 124 241 139 97 199 424
6100 123 243 144 95 199 427
6150 123 238 146 92 205 424
6200 122 230 151 93 207 417
6250 128 235 155 92 214 413
6300 132 222 143 92 205 414
6350 134 225 141 84 215 414
6400 131 216 139 87 224 401
6450 127 217 141 81 220 403
6500 130 200 134 82 219 393
6550 128 194 131 76 227 384
6600 128 202 128 73 230 379
6650 127 204 132 73 230 373
6700 130 210 121 70 231 366
6750 133 214 120 66 228 365
6800 133 205 118 65 236 363
6850 132 208 121 62 236 356
6900 125 205 121 63 241 346
6950 132 201 121 60 239 340
7000 126 206 118 61 235 334
7050 122 193 119 61 236 328
7100 126 197 118 60 241 321
7150 124 211 113 59 242 316
7200 128 199 120 60 242 310
7250 131 199 114 60 250 310
7300 133 179 109 58 254 303
7350 135 198 105 58 255 307
7400 129 201 108 57 252 298
7450 133 198 104 54 254 300
7500 134 206 103 53 250 300
7550 130 204 102 52 253 292
7600 129 203 101 50 247 294
7650 134 207 106 50 247 296
7700 132 210 103 47 246 292
7750 128 203 104 48 241 289
7800 128 198 108 48 239 281
7850 126 192 109 47 240 277
7900 129 188 107 43 242 280
7950 131 185 107 42 248 271
8000 133 195 109 42 249 274
8050 132 187 103 44 250 265
8100 133 191 113 45 257 258
8150 131 185 111 43 263 252
8200 131 189 102 42 264 256
8250 135 191 102 42 261 253
8300 135 191 104 40 257 253
8350 130 203 105 38 257 249
8400 130 187 103 38 265 238
8450 126 185 102 36 265 238
8500 122 204 100 38 268 234
8550 129 198 97 37 271 225
8600 133 196 95 36 266 229
8650 125 196 100 35 265 222
8700 115 209 104 40 252 222
8750 114 208 115 47 251 223
8800 112 207 116 50 246 222
8850 111 208 119 52 235 221
8900 102 212 133 62 235 221
8950 105 219 131 62 234 228
9000 98 227 138 68 232 224
9050 97 232 138 73 221 219
9100 99 239 140 72 215 228
9150 92 234 146 78 215 225
9200 83 231 150 81 214 229
9250 79 231 150 88 213 225
9300 75 224 153 86 207 220
9350 69 244 157 92 207 219
9400 73 247 153 91 202 219
9450 69 248 151 95 196 216
9500 66 242 149 98 199 216
9550 68 250 161 98 190 215
9600 68 256 156 102 191 213
9650 71 250 165 105 187 214
9700 72 243 161 107 186 215
9750 68 262 160 108 185 214
9800 64 261 161 107 183 221
9850 58 264 171 110 181 220
9900 62 261 162 113 175 220
9950 63 269 163 109 170 223
10000 63 267 168 111 171 225
10050 66 266 164 111 170 223
10100 64 278 169 111 166 224
10150 65 273 164 111 164 226
10200 56 286 161 115 161 224
10250 58 284 167 119 161 226
10300 58 289 168 121 157 232
10350 57 301 162 120 152 235
10400 62 308 160 121 153 232
10450 57 306 163 123 152 226
10500 56 313 163 122 149 229
10550 55 319 164 125 143 233
10600 53 309 171 131 147 229
10650 58 306 172 132 149 229
10700 58 303 170 135 149 233
10750 55 312 181 133 147 235
10800 57 316 179 134 145 235
10850 58 327 184 134 144 234
10900 60 314 185 136 141 238
10950 66 324 186 134 139 243
11000 67 313 185 137 134 239
11050 68 315 191 139 126 240
11100 66 313 192 140 130 236
11150 65 319 193 138 125 247
11200 64 316 190 136 119 247
11250 61 322 188 141 118 241
11300 58 332 189 145 118 242
11350 63 337 192 145 115 242
11400 65 327 203 144 117 240
11450 61 331 196 144 115 247
11500 58 330 192 148 121 251
11550 57 334 192 151 117 252
11600 60 332 192 148 120 248
