0 2 0 0 0 0 0
10 3 8 1 1 0 0
20 6 15 1 1 0 0
30 8 17 0 1 0 0
40 7 22 1 2 0 0
50 7 30 2 3 0 0
60 7 31 4 5 0 0
70 10 36 5 5 0 0
80 9 35 5 4 0 0
90 9 39 7 6 0 0
100 10 41 7 6 0 0
110 9 39 7 7 0 5
120 12 44 7 8 0 4
130 10 45 9 10 0 3
140 10 40 10 11 0 5
150 13 37 8 11 0 7
160 14 41 7 11 0 4
170 14 42 8 12 0 5
180 17 42 8 11 0 6
190 17 46 7 10 0 9
200 16 49 9 12 0 6
210 18 49 9 12 0 14
220 20 44 8 11 0 11
230 18 50 9 13 0 7
240 17 46 11 11 0 9
250 16 49 11 12 0 16
260 14 49 14 14 0 15
270 12 51 17 17 0 12
280 12 45 17 17 0 15
290 14 51 14 14 0 26
300 14 48 11 15 0 17
310 12 51 13 16 0 18
320 15 46 11 15 0 20
330 14 45 11 14 0 10
340 17 43 10 15 0 13
350 14 44 10 13 0 13
360 15 41 9 13 0 14
370 15 46 11 13 0 15
380 13 46 10 14 0 10
390 11 47 10 15 0 8
400 13 41 8 14 0 14
410 14 40 6 15 0 12
420 13 39 12 15 0 10
430 14 30 10 12 0 10
440 11 32 12 17 0 9
450 11 35 14 18 0 11
460 14 32 15 17 0 6
470 13 35 12 16 0 8
480 15 36 7 14 0 15
490 14 36 10 14 0 12
500 13 38 11 15 0 16
510 13 36 9 15 0 10
520 16 34 10 15 0 15
530 16 33 11 13 0 13
540 19 29 9 11 0 16
550 19 35 9 8 0 17
560 16 38 9 9 0 12
570 17 41 11 10 0 11
580 15 41 12 11 0 7
590 16 41 13 13 0 13
600 15 51 12 10 0 13
610 19 51 7 9 0 12
620 18 53 7 8 0 13
630 18 55 9 9 0 13
640 17 53 10 10 0 15
650 17 51 10 13 0 14
660 17 51 13 16 0 9
670 16 51 11 17 0 14
680 15 54 12 18 0 16
690 15 53 11 14 0 17
700 15 53 9 14 0 20
710 17 46 12 13 0 18
720 17 47 14 15 0 13
730 18 49 12 12 0 17
740 17 49 12 12 0 19
750 19 46 14 12 0 20
760 18 42 18 16 0 22
770 21 40 17 14 0 30
780 18 43 23 19 0 19
790 21 40 19 16 0 27
800 20 42 18 18 0 29
810 21 46 12 17 0 27
820 18 43 12 17 0 21
830 15 41 12 17 0 15
840 13 39 17 18 0 19
850 16 40 16 15 0 16
860 18 40 17 14 0 16
870 19 40 17 15 0 23
880 19 39 16 17 0 21
890 18 43 14 13 0 26
900 17 38 18 13 0 27
910 14 41 17 16 0 24
920 15 41 14 14 0 23
930 13 39 17 16 0 20
940 15 41 16 16 0 21
950 15 38 16 12 0 14
960 14 39 14 11 0 11
970 12 42 14 12 0 8
980 12 48 17 12 0 8
990 14 47 15 14 0 16
1000 16 44 13 12 0 15
1010 16 41 14 11 0 20
1020 16 37 15 11 0 20
1030 12 40 17 16 0 14
1040 15 41 14 14 0 22
1050 15 36 18 13 0 14
1060 14 40 16 12 0 10
1070 12 42 16 14 0 14
1080 12 45 18 12 0 12
1090 10 42 23 12 0 15
1100 14 39 19 10 0 24
1110 12 37 20 13 0 18
1120 11 35 18 14 0 15
1130 13 36 17 12 0 12
1140 18 36 15 10 0 12
1150 16 34 18 14 0 19
1160 15 36 19 15 0 12
1170 15 36 18 14 0 13
1180 15 38 18 14 0 11
1190 14 38 20 14 0 10
1200 12 42 21 16 0 17
1210 16 38 20 13 0 24
1220 14 45 25 14 0 24
1230 14 43 25 13 0 18
1240 15 49 20 15 0 15
1250 13 47 19 15 0 12
1260 19 45 16 13 0 20
1270 17 42 15 17 0 17
1280 15 48 21 20 0 15
1290 15 44 23 23 0 12
1300 17 45 25 17 0 17
1310 21 42 22 15 0 27
1320 18 37 26 17 0 19
1330 22 36 23 13 0 28
1340 20 35 25 17 0 25
1350 20 38 24 16 0 24
1360 18 42 24 14 0 23
1370 24 46 20 12 0 20
1380 21 40 23 15 0 12
1390 21 39 25 13 0 15
1400 17 40 24 14 0 17
1410 19 41 24 12 0 24
1420 19 36 23 13 0 26
1430 16 37 23 13 0 28
1440 18 42 26 14 0 23
1450 19 45 21 15 0 25
1460 18 43 22 13 0 25
1470 21 40 22 11 0 24
1480 19 39 24 14 0 20
1490 18 39 25 14 0 14
1500 18 38 26 14 0 15
1510 20 29 24 15 0 19
1520 21 34 26 18 0 25
1530 20 41 24 18 0 28
1540 19 38 24 17 0 30
1550 18 33 21 18 0 24
1560 22 34 19 15 0 29
1570 25 36 15 16 0 31
1580 22 35 19 16 0 32
1590 21 31 20 15 0 31
1600 23 33 18 15 0 27
1610 22 34 14 14 0 21
1620 20 35 19 16 0 15
1630 18 38 20 12 0 11
1640 20 40 17 13 0 16
1650 17 39 16 12 0 10
1660 17 40 16 15 0 9
1670 17 36 14 13 0 10
1680 11 37 18 14 0 10
1690 15 39 20 12 0 14
1700 17 41 18 10 0 17
1710 15 38 18 12 0 17
1720 17 41 20 15 0 12
1730 20 36 23 10 0 17
1740 20 37 19 10 0 23
1750 18 35 19 12 0 23
1760 18 35 23 12 0 12
1770 19 35 26 12 0 17
1780 18 36 29 12 0 27
1790 15 34 29 14 0 24
1800 14 32 24 11 0 21
1810 14 35 25 12 0 20
1820 15 33 26 12 0 17
1830 16 36 22 8 0 19
1840 17 35 23 12 0 12
1850 15 35 29 15 0 10
1860 14 34 25 16 0 13
1870 16 37 22 13 0 20
1880 16 38 20 15 0 19
1890 13 35 24 20 0 16
1900 15 36 20 17 0 16
1910 13 32 20 16 0 17
1920 16 30 18 16 0 23
1930 17 28 18 14 0 17
1940 16 30 21 16 0 15
1950 19 36 17 12 0 14
1960 16 36 29 15 0 18
1970 17 34 25 11 0 26
1980 19 36 19 11 0 26
1990 20 35 22 14 0 20
2000 19 36 22 12 0 19
2010 19 40 28 14 0 16
2020 17 32 26 15 0 16
2030 17 33 22 14 0 16
2040 20 38 20 13 0 25
2050 18 41 19 12 0 24
2060 21 38 16 13 0 21
2070 20 37 18 15 0 14
2080 21 44 16 18 0 7
2090 23 41 17 14 0 17
2100 22 39 14 13 0 16
2110 22 40 14 13 0 14
2120 18 41 19 14 0 11
2130 21 41 17 14 0 13
2140 20 36 14 15 0 13
2150 19 36 17 17 0 12
2160 22 40 16 16 0 17
2170 23 42 19 14 0 25
2180 21 49 22 15 0 23
2190 23 42 25 12 0 26
2200 22 35 21 11 0 26
2210 17 32 23 16 0 17
2220 13 34 30 20 0 16
2230 14 34 31 19 0 23
2240 17 30 21 16 0 33
2250 16 34 18 18 0 27
2260 15 36 20 19 0 24
2270 15 31 19 18 0 18
2280 12 35 20 22 0 13
2290 17 32 19 20 0 19
2300 16 34 18 20 0 20
2310 19 35 17 22 0 23
2320 21 31 13 20 0 26
2330 16 36 19 23 0 20
2340 12 35 23 26 0 19
2350 14 34 18 21 0 28
2360 18 34 15 18 0 29
2370 19 33 16 16 0 30
2380 18 32 19 17 0 27
2390 18 31 19 18 0 30
2400 17 31 22 19 0 31
2410 17 34 22 18 0 24
2420 19 39 16 18 0 26
2430 19 33 17 19 0 26
2440 19 33 20 19 0 28
2450 15 38 25 21 0 28
2460 20 40 20 18 0 32
2470 20 38 25 20 0 45
2480 24 34 19 18 0 50
2490 22 35 16 17 0 40
2500 22 35 18 15 0 31
2510 19 39 18 17 0 25
2520 19 40 19 15 0 23
2530 19 40 17 13 0 19
2540 20 42 18 14 0 18
2550 20 32 17 12 0 14
2560 21 32 16 12 0 17
2570 19 30 19 12 0 21
2580 21 29 15 10 0 27
2590 22 26 21 10 0 25
2600 18 27 26 17 0 28
2610 17 29 30 20 0 26
2620 17 37 31 16 0 18
2630 15 32 31 19 0 21
2640 14 30 36 21 0 11
2650 15 28 37 22 0 8
2660 17 32 36 19 0 23
2670 16 30 28 15 0 29
2680 18 36 21 14 0 29
2690 16 37 23 15 0 28
2700 20 40 20 14 0 26
2710 19 41 21 13 0 20
2720 20 42 24 15 0 20
2730 19 38 25 12 0 18
2740 16 43 29 13 0 19
2750 17 50 27 9 0 26
2760 17 44 29 9 0 21
2770 23 44 26 9 0 34
2780 24 49 24 12 0 30
2790 22 50 25 13 0 21
2800 26 41 26 14 0 23
2810 27 40 25 12 0 27
2820 26 40 23 10 0 29
2830 26 44 22 10 0 31
2840 22 41 23 12 0 32
2850 19 40 27 15 0 25
2860 23 46 28 14 0 25
2870 24 47 26 12 0 26
2880 23 38 25 14 0 22
2890 26 42 26 11 0 27
2900 26 40 28 11 0 24
2910 23 43 31 14 0 29
2920 22 44 27 14 0 31
2930 21 42 26 12 0 32
2940 21 39 25 13 0 27
2950 20 33 21 14 0 30
2960 23 37 16 12 0 35
2970 17 31 20 16 0 28
2980 17 36 22 12 0 19
2990 17 34 19 17 0 19
3000 13 40 25 15 0 21
3010 14 39 24 16 0 26
3020 14 41 25 13 0 21
3030 15 41 22 17 0 18
3040 15 44 22 15 0 15
3050 16 40 23 19 0 12
3060 15 39 25 17 0 21
3070 16 42 27 16 0 18
3080 18 35 30 19 0 16
3090 17 35 29 20 0 15
3100 17 39 22 21 0 14
3110 16 42 25 23 0 11
3120 20 42 26 20 0 26
3130 19 42 27 20 0 19
3140 21 41 27 19 0 23
3150 24 36 24 17 0 34
3160 27 35 24 13 0 29
3170 26 37 30 16 0 39
3180 23 44 27 16 0 42
3190 21 41 27 17 0 37
3200 19 43 26 18 0 33
3210 21 48 23 17 0 32
3220 19 45 22 18 0 29
3230 18 43 16 15 0 21
3240 18 44 20 17 0 18
3250 19 44 24 13 0 18
3260 22 41 21 10 0 28
3270 19 39 25 16 0 19
3280 19 37 27 16 0 19
3290 18 39 20 19 0 24
3300 17 46 22 17 0 24
3310 14 43 26 17 0 23
3320 16 49 27 20 0 27
3330 18 51 25 18 0 24
3340 16 49 29 16 0 18
3350 15 51 26 17 0 25
3360 15 52 24 15 0 25
3370 17 50 22 12 0 30
3380 19 48 21 10 0 28
3390 18 47 22 10 0 25
3400 19 46 26 15 0 23
3410 21 49 28 13 0 25
3420 18 44 27 19 0 18
3430 19 40 27 15 0 18
3440 19 39 29 16 0 16
3450 21 41 22 15 0 28
3460 17 35 22 19 0 34
3470 21 40 25 12 0 45
3480 24 36 23 11 0 43
3490 25 34 22 10 0 41
3500 24 35 24 9 0 29
3510 25 34 21 6 0 27
3520 23 34 23 10 0 16
3530 21 34 23 12 0 17
3540 22 36 24 12 0 19
3550 19 30 28 15 0 20
3560 19 37 27 15 0 12
3570 19 40 26 15 0 16
3580 19 42 32 12 0 21
3590 19 38 30 14 0 26
3600 19 41 25 16 0 23
3610 21 37 18 17 0 25
3620 18 38 17 19 0 25
3630 16 38 21 23 0 23
3640 15 37 24 20 0 21
3650 17 37 22 19 0 27
3660 18 39 19 20 0 25
3670 20 48 21 21 0 29
3680 21 45 19 16 0 34
3690 23 40 20 15 0 37
3700 19 36 24 19 0 35
3710 17 32 29 18 0 24
3720 19 36 26 14 0 30
3730 17 36 26 13 0 28
3740 15 41 32 13 0 26
3750 20 41 28 9 0 34
3760 19 38 28 13 0 30
3770 18 38 29 12 0 39
3780 18 36 28 11 0 42
3790 18 38 27 10 0 36
3800 20 39 25 9 0 38
3810 20 38 26 10 0 27
3820 18 39 25 11 0 18
3830 17 49 30 17 0 19
3840 14 48 33 17 0 20
3850 20 46 31 10 0 32
3860 22 50 30 12 0 30
3870 22 45 30 10 0 24
3880 21 44 27 12 0 21
3890 27 40 27 14 0 20
3900 23 36 30 18 0 27
3910 25 35 28 15 0 28
3920 27 35 29 13 0 18
3930 27 41 27 12 0 28
3940 27 42 27 14 0 31
3950 23 43 26 16 0 26
3960 26 46 23 16 0 27
3970 24 50 26 20 0 23
3980 23 53 24 19 0 19
3990 20 47 28 18 0 22
4000 18 43 26 17 0 23
4010 20 43 29 13 0 22
4020 22 45 25 18 0 26
4030 21 41 24 20 0 27
4040 19 41 27 17 0 25
4050 18 44 21 14 0 36
4060 14 41 20 15 0 28
4070 15 45 13 13 0 31
4080 12 48 22 14 0 23
4090 16 47 19 9 0 27
4100 18 44 14 8 0 23
4110 15 45 18 12 0 28
4120 16 42 15 9 0 27
4130 15 42 17 12 0 20
4140 13 43 17 15 0 20
4150 16 41 18 14 0 16
4160 15 44 22 11 0 13
4170 18 48 21 10 0 19
4180 17 52 20 15 0 16
4190 15 49 24 16 0 17
4200 16 49 30 19 0 20
4210 19 51 28 15 0 20
4220 19 50 28 17 0 21
4230 19 50 26 20 0 13
4240 16 49 28 22 0 17
4250 17 45 26 20 0 16
4260 18 44 25 18 0 14
4270 18 43 23 17 0 19
4280 16 38 25 19 0 21
4290 19 39 28 14 0 24
4300 20 38 31 16 0 21
4310 23 40 28 17 0 26
4320 20 40 27 19 0 26
4330 25 36 26 15 0 30
4340 23 36 33 14 0 31
4350 20 39 33 17 0 28
4360 24 43 26 12 0 34
4370 25 39 26 15 0 23
4380 20 32 31 18 0 14
4390 21 33 29 15 0 24
4400 22 30 24 16 0 23
4410 22 28 29 13 0 25
4420 18 27 22 14 0 20
4430 18 25 25 11 0 19
4440 22 23 30 13 0 23
4450 22 28 28 13 0 24
4460 19 25 24 14 0 14
4470 18 24 25 12 0 15
4480 14 31 24 14 0 17
4490 14 28 25 10 0 22
4500 11 32 26 13 0 18
4510 9 31 32 17 0 14
4520 13 33 26 13 0 24
4530 14 43 28 13 0 23
4540 15 49 29 14 0 18
4550 18 52 30 16 0 27
4560 21 52 24 12 0 27
4570 18 45 26 11 0 18
4580 20 40 25 13 0 16
4590 22 43 26 12 0 17
4600 24 41 25 14 0 14
4610 25 42 29 18 0 25
4620 25 38 28 17 0 22
4630 23 41 27 17 0 30
4640 27 39 25 10 0 44
4650 24 38 26 12 0 34
4660 22 39 30 14 0 35
4670 25 38 29 13 0 32
4680 25 39 30 14 0 29
4690 26 37 31 13 0 27
4700 27 39 27 10 0 22
4710 26 37 24 10 0 17
4720 25 39 20 9 0 17
4730 24 38 23 7 1 15
4740 24 38 25 9 1 10
4750 26 35 21 10 2 10
4760 25 34 23 10 3 6
4770 24 30 18 9 2 4
4780 25 37 25 9 2 6
4790 26 34 22 7 5 8
4800 26 39 23 6 2 7
4810 25 33 24 6 1 7
4820 21 34 21 6 1 4
4830 22 36 18 5 1 7
4840 20 39 20 5 3 5
4850 21 40 16 6 3 7
4860 23 37 15 8 5 5
4870 22 40 14 8 4 3
4880 22 43 15 7 4 2
4890 22 49 18 8 3 2
4900 22 52 14 8 3 4
4910 20 52 14 7 3 1
4920 21 47 15 9 2 2
4930 20 49 15 7 1 5
4940 21 46 14 7 1 5
4950 21 38 14 9 2 3
4960 21 39 15 11 3 2
4970 18 36 19 11 4 1
4980 18 36 22 9 4 0
4990 20 38 23 8 3 0
5000 24 34 23 9 3 3
5010 22 36 20 9 2 3
5020 25 34 20 6 1 8
5030 25 35 19 6 1 8
5040 23 34 16 6 1 6
5050 20 36 15 6 2 4
5060 21 30 13 7 3 5
5070 21 30 15 7 3 4
5080 21 32 15 6 3 3
5090 18 30 15 6 2 2
5100 18 31 16 6 3 2
5110 19 35 15 9 3 2
5120 19 34 16 8 3 3
5130 19 30 15 7 4 3
5140 18 31 14 7 3 2
5150 18 33 14 7 4 6
5160 20 37 13 7 5 7
5170 20 46 17 7 3 3
5180 20 48 15 9 1 2
5190 20 43 16 10 1 2
5200 22 42 17 8 1 4
5210 23 49 18 4 1 5
5220 21 46 15 4 1 5
5230 20 44 21 3 1 4
5240 18 50 21 3 1 3
5250 18 48 23 2 1 2
5260 21 43 26 1 4 5
5270 22 50 19 2 6 2
5280 21 48 23 1 5 1
5290 21 39 25 5 5 2
5300 19 42 24 4 3 1
5310 19 42 20 8 3 0
5320 23 45 17 4 2 2
5330 23 42 20 5 4 0
5340 24 38 17 5 3 0
5350 25 32 18 7 3 4
5360 25 27 21 5 3 6
5370 26 25 20 6 3 7
5380 23 26 21 5 2 5
5390 24 34 21 6 3 3
5400 23 33 24 6 2 5
5410 23 33 27 8 1 2
5420 23 34 28 5 1 1
5430 24 39 27 5 2 0
5440 26 33 19 5 3 2
5450 26 37 18 7 4 2
5460 28 36 16 5 4 9
5470 31 37 18 5 5 9
5480 33 37 22 7 4 4
5490 32 34 16 7 5 7
5500 33 29 17 7 7 7
5510 34 29 15 5 7 6
5520 34 26 13 5 7 2
5530 34 24 10 4 6 5
5540 34 25 11 4 4 4
5550 30 29 7 4 7 3
5560 31 28 11 4 6 3
5570 32 30 10 5 3 5
5580 32 30 13 5 7 4
5590 32 37 11 3 4 3
5600 31 35 13 4 3 0
5610 31 34 14 4 3 4
5620 31 30 10 3 3 3
5630 29 34 15 3 2 2
5640 30 40 11 5 3 1
5650 27 41 13 4 3 1
5660 26 36 12 4 3 1
5670 25 38 13 4 3 4
5680 26 42 14 4 3 6
5690 25 37 12 5 5 5
5700 22 35 13 3 4 3
5710 23 36 13 2 3 3
5720 21 36 13 5 4 2
5730 23 32 10 7 3 2
5740 23 29 9 7 5 2
5750 25 28 10 7 5 2
5760 24 27 9 9 6 2
5770 24 28 7 7 6 4
5780 24 24 12 6 4 4
5790 25 26 14 7 5 3
5800 27 30 15 8 4 3
5810 28 28 13 8 4 3
5820 29 34 16 8 5 3
5830 29 35 13 8 5 4
5840 31 37 15 8 5 5
5850 29 37 15 7 5 3
5860 29 40 16 6 5 5
5870 28 36 17 5 6 7
5880 27 37 15 5 6 4
5890 29 41 12 3 6 9
5900 28 38 8 4 8 5
5910 28 41 8 5 10 2
5920 23 36 8 4 10 3
5930 23 38 9 4 11 2
5940 21 38 10 6 9 5
5950 19 42 12 7 8 5
5960 20 46 12 6 8 7
5970 19 43 11 4 9 5
5980 19 37 9 3 11 4
5990 19 44 9 8 13 2
6000 17 47 11 8 13 5
6010 17 48 9 8 13 2
6020 20 50 7 7 10 2
6030 17 41 7 7 7 2
6040 18 39 6 7 8 1
6050 17 36 8 6 8 1
6060 19 41 11 5 5 4
6070 18 44 11 5 3 3
6080 19 46 10 5 6 3
6090 19 47 14 5 9 2
6100 20 52 13 5 11 1
6110 20 51 13 6 12 0
6120 19 49 14 8 14 0
6130 19 51 15 5 14 0
6140 18 46 13 6 12 0
6150 18 53 15 5 9 1
6160 20 50 11 5 7 4
6170 20 46 12 5 9 3
6180 20 50 13 6 10 3
6190 22 50 16 4 8 3
6200 22 51 16 3 7 2
6210 22 48 15 4 6 0
6220 22 40 11 7 6 1
6230 24 42 9 6 6 3
6240 23 41 11 7 7 1
6250 22 37 15 8 7 1
6260 23 37 12 6 7 2
6270 24 38 11 6 8 6
6280 23 38 12 7 8 4
6290 22 31 14 9 9 1
6300 23 34 14 8 12 3
6310 22 35 12 8 13 2
6320 23 36 16 6 16 3
6330 24 39 14 7 16 5
6340 22 40 11 6 13 3
6350 23 36 13 7 15 3
6360 23 43 17 6 11 4
6370 23 40 18 9 10 4
6380 22 42 16 8 11 2
6390 20 45 17 9 13 3
6400 21 41 17 8 13 3
6410 19 41 16 8 11 1
6420 18 43 18 7 6 3
6430 21 45 12 5 7 10
6440 19 45 11 4 5 7
6450 20 44 11 3 6 9
6460 20 46 12 2 5 7
6470 18 44 10 3 4 6
6480 18 41 13 4 4 4
6490 20 37 12 2 5 7
6500 16 39 12 3 7 5
6510 20 44 11 4 5 3
6520 19 43 9 4 3 1
6530 18 42 11 1 3 3
6540 18 40 12 2 3 1
6550 18 37 10 1 3 4
6560 16 37 10 0 3 4
6570 16 42 10 2 5 3
6580 18 50 10 1 6 3
6590 18 48 11 2 7 3
6600 17 47 14 2 7 2
6610 17 41 10 3 10 1
6620 17 39 12 3 11 0
6630 17 35 15 5 10 0
6640 17 39 14 5 9 0
6650 17 39 14 6 12 0
6660 18 37 14 7 10 0
6670 18 40 14 7 11 2
6680 18 38 14 7 7 1
6690 16 39 12 5 7 1
6700 17 40 12 5 10 3
6710 16 41 12 5 11 1
6720 19 45 12 3 9 1
6730 20 40 14 4 9 1
6740 21 45 11 3 10 3
6750 22 42 13 3 7 5
6760 21 39 15 3 6 7
6770 20 39 10 3 6 3
6780 22 39 10 3 8 2
6790 23 35 7 3 9 4
6800 20 34 8 2 12 3
6810 21 42 10 2 10 0
6820 21 40 10 4 11 0
6830 20 49 11 3 10 0
6840 22 48 11 3 8 0
6850 21 49 12 2 7 0
6860 21 49 13 3 8 0
6870 21 52 13 4 6 0
6880 21 52 13 5 6 0
6890 22 47 10 8 5 0
6900 22 49 12 8 7 0
6910 22 39 9 7 8 0
6920 23 40 9 8 5 0
6930 23 44 9 8 7 1
6940 26 44 7 7 7 1
6950 28 37 9 7 7 0
6960 28 37 10 6 10 0
6970 28 36 9 7 9 1
6980 29 40 8 7 9 0
6990 29 40 7 4 10 3
7000 26 42 8 3 10 2
7010 25 38 9 2 9 1
7020 24 45 8 4 9 1
7030 22 42 8 4 10 2
7040 18 39 12 4 7 2
7050 19 40 12 3 8 1
7060 21 47 10 2 10 0
7070 20 50 7 1 10 0
7080 21 42 9 2 11 1
7090 19 41 10 1 12 0
7100 19 45 10 3 10 1
7110 20 43 9 3 11 0
7120 23 41 7 4 13 3
7130 22 39 5 5 13 1
7140 21 41 5 6 11 2
7150 20 38 8 5 12 0
7160 18 36 7 5 11 0
7170 18 37 9 6 11 0
7180 18 37 7 5 12 0
7190 18 37 6 5 11 0
7200 18 38 6 5 8 0
7210 19 38 7 2 6 0
7220 16 41 8 2 8 0
7230 13 41 7 3 7 0
7240 15 39 7 2 14 3
7250 19 41 7 2 14 3
7260 20 38 8 1 15 3
7270 21 39 6 1 11 1
7280 21 44 7 2 13 1
7290 17 56 2 3 14 0
7300 19 59 3 2 16 0
7310 19 52 3 4 14 0
7320 20 52 5 4 18 0
7330 21 55 4 4 16 0
7340 20 50 6 2 14 0
7350 19 43 10 3 14 0
7360 19 45 11 3 14 0
7370 18 48 14 2 8 0
7380 20 43 11 4 10 0
7390 20 40 8 4 11 0
7400 21 46 10 3 11 2
7410 24 52 9 2 11 5
7420 26 44 9 3 12 4
7430 24 47 8 3 12 1
7440 24 55 8 3 9 2
7450 25 47 4 2 11 2
7460 26 45 4 4 14 1
7470 25 44 3 4 14 0
7480 25 39 5 3 14 0
7490 23 37 5 4 13 0
7500 24 31 5 4 14 0
7510 26 37 4 5 15 0
7520 27 34 7 5 19 0
7530 25 34 6 4 18 0
7540 28 33 8 5 13 1
7550 26 35 8 4 11 4
7560 24 31 7 4 14 1
7570 23 35 8 4 14 1
7580 21 39 7 4 13 1
7590 21 38 5 5 10 1
7600 21 40 6 5 12 1
7610 23 42 6 4 9 1
7620 26 42 11 4 9 1
7630 26 40 9 3 8 4
7640 28 38 12 3 13 4
7650 26 44 12 4 15 4
7660 26 43 11 4 18 4
7670 25 43 11 5 14 0
7680 25 43 14 3 13 2
7690 22 41 14 3 15 0
7700 22 44 12 1 15 3
7710 21 40 12 1 13 2
7720 22 43 11 0 13 4
7730 23 41 9 1 16 4
7740 21 37 11 2 17 0
7750 22 36 10 2 16 0
7760 22 39 11 2 18 0
7770 20 43 12 2 19 0
7780 18 42 8 1 17 3
7790 20 41 8 1 14 1
7800 21 42 6 1 19 1
7810 18 46 7 1 19 0
7820 17 54 12 0 18 0
7830 18 48 9 1 17 0
7840 18 44 7 1 15 0
7850 19 51 5 2 13 0
7860 18 48 7 1 11 0
7870 17 50 11 3 13 0
7880 17 44 9 3 11 1
7890 15 44 11 4 14 1
7900 14 42 9 4 14 1
7910 14 38 11 5 12 1
7920 13 38 10 3 12 2
7930 14 41 9 4 14 2
7940 15 42 9 4 12 0
7950 17 47 7 3 14 3
7960 16 42 8 4 16 1
7970 15 47 9 4 19 1
7980 15 47 8 4 20 1
7990 16 47 6 5 19 1
8000 16 46 7 5 14 0
8010 17 46 9 5 16 0
8020 17 44 9 5 17 0
8030 20 51 9 4 14 3
8040 19 54 11 3 15 1
8050 18 55 9 3 12 1
8060 18 55 6 2 12 3
8070 18 60 9 2 11 2
8080 17 62 7 3 11 0
8090 20 61 7 3 10 0
8100 20 57 7 2 11 0
8110 18 53 7 2 14 1
8120 18 49 7 1 21 1
8130 18 45 7 1 21 1
8140 18 41 8 1 21 1
8150 18 41 9 1 21 1
8160 15 43 10 1 22 0
8170 15 41 7 1 18 3
8180 15 43 7 0 18 3
8190 19 40 8 0 17 1
8200 18 36 7 1 15 2
8210 20 37 7 2 17 1
8220 20 30 7 2 22 0
8230 24 31 6 1 16 1
8240 23 26 7 1 18 1
8250 21 27 8 0 17 1
8260 23 35 10 1 17 0
8270 23 36 10 1 20 0
8280 23 32 11 2 18 0
8290 20 31 9 2 16 0
8300 21 37 8 2 16 0
8310 21 36 11 2 11 0
8320 22 33 12 1 12 0
8330 23 38 14 1 12 1
8340 22 34 12 4 12 1
8350 23 34 11 4 12 0
8360 24 32 11 2 9 0
8370 25 29 12 3 12 1
8380 24 30 12 3 14 0
8390 25 32 12 3 13 1
8400 24 31 14 3 16 1
8410 25 33 10 5 14 1
8420 24 33 11 5 15 1
8430 25 35 12 5 13 1
8440 24 36 13 5 16 1
8450 24 40 12 5 21 4
8460 24 36 14 3 22 3
8470 24 40 12 3 20 2
8480 22 35 11 4 18 2
8490 24 33 10 4 22 3
8500 21 35 12 4 16 1
8510 22 42 11 5 19 1
8520 23 40 9 4 22 0
8530 23 43 9 6 18 1
8540 23 43 10 5 23 0
8550 25 48 7 3 24 6
8560 27 47 7 2 26 5
8570 28 47 6 3 21 4
8580 26 54 7 4 23 1
8590 24 46 8 3 22 1
8600 23 46 5 3 25 1
8610 23 48 5 4 23 0
8620 26 46 3 4 23 0
8630 24 50 3 3 26 0
8640 25 46 1 2 24 0
8650 24 39 6 5 24 2
8660 20 36 11 7 23 1
8670 19 35 10 8 21 6
8680 19 30 11 8 23 7
8690 17 31 12 7 20 8
8700 18 35 11 7 19 9
8710 18 36 11 6 17 6
8720 20 38 9 5 15 3
8730 16 36 12 7 14 1
8740 13 36 14 9 16 5
8750 13 38 17 11 14 5
8760 15 39 16 12 11 3
8770 16 46 17 9 12 13
8780 16 46 20 12 12 12
8790 14 45 19 14 15 15
8800 14 48 13 14 15 11
8810 12 55 18 18 19 12
8820 14 56 17 17 14 16
8830 16 64 13 14 16 18
8840 16 66 14 16 12 21
8850 17 65 14 11 8 18
8860 18 66 10 12 10 18
8870 13 67 11 11 10 14
8880 14 59 10 14 11 12
8890 13 55 10 16 9 15
8900 14 58 8 14 9 12
8910 15 51 12 15 10 14
8920 16 57 13 15 6 10
8930 19 51 12 13 4 23
8940 17 49 14 12 3 20
8950 15 46 13 13 2 17
8960 13 49 16 14 3 12
8970 12 53 14 13 2 9
8980 14 51 12 13 3 8
8990 15 53 14 13 1 8
9000 16 53 13 13 5 9
9010 19 58 11 12 9 4
9020 18 59 13 14 9 1
9030 17 55 14 15 8 7
9040 19 58 15 15 8 11
9050 20 50 14 13 7 13
9060 19 50 16 14 7 14
9070 17 61 18 19 6 8
9080 17 59 16 18 5 18
9090 18 55 15 17 4 21
9100 22 55 12 13 3 28
9110 20 54 11 12 3 22
9120 20 53 12 12 2 17
9130 17 55 15 9 4 16
9140 16 54 17 12 1 17
9150 17 55 15 13 3 12
9160 15 55 17 15 3 8
9170 15 54 20 15 5 5
9180 14 53 24 17 8 6
9190 14 57 21 15 5 15
9200 14 51 19 16 6 13
9210 17 48 19 14 4 19
9220 19 42 24 16 2 15
9230 18 47 20 13 3 26
9240 20 51 22 14 4 27
9250 15 49 27 17 4 23
9260 19 50 22 15 3 19
9270 21 43 16 11 3 32
9280 18 50 15 13 2 23
9290 18 50 17 15 3 28
9300 21 48 17 15 2 37
9310 22 51 22 15 3 38
9320 23 49 19 13 2 26
9330 19 50 21 23 3 24
9340 16 54 24 23 1 23
9350 16 53 22 21 3 24
9360 18 58 22 23 1 19
9370 19 51 24 23 2 23
9380 20 54 25 23 3 24
9390 22 48 18 19 2 36
9400 20 46 19 22 1 30
9410 17 53 20 25 1 27
9420 17 44 21 25 2 24
9430 17 45 20 20 2 31
9440 15 48 24 23 1 27
9450 17 45 22 24 2 24
9460 23 49 12 19 3 32
9470 18 47 20 24 3 23
9480 16 47 20 22 2 21
9490 19 44 22 20 3 23
9500 15 50 23 22 3 17
9510 15 45 23 22 3 19
9520 16 49 20 16 3 27
9530 15 48 19 16 2 21
9540 16 50 21 18 1 18
9550 17 46 22 16 2 21
9560 16 46 26 15 1 18
9570 19 44 22 14 1 22
9580 16 42 23 14 2 25
9590 19 49 16 11 1 31
9600 21 48 14 8 1 33
9610 19 51 17 8 2 26
9620 18 49 18 8 1 26
9630 18 43 16 10 3 23
9640 17 48 18 12 1 23
9650 17 49 18 11 1 32
9660 16 52 17 12 0 21
9670 17 52 14 11 1 19
9680 14 48 14 12 2 18
9690 14 43 13 12 3 9
9700 15 50 18 11 3 15
9710 15 50 20 11 2 17
9720 15 52 22 13 3 16
9730 15 54 20 14 2 21
9740 19 51 23 11 2 20
9750 21 46 14 10 2 30
9760 20 49 16 12 0 17
9770 23 41 18 11 1 22
9780 22 39 21 10 2 24
9790 23 37 17 9 4 25
9800 22 40 20 14 1 21
9810 20 42 17 12 2 27
9820 20 41 19 12 3 27
9830 20 42 22 12 2 22
9840 20 37 23 12 3 21
9850 19 36 22 11 3 19
9860 18 32 25 10 4 19
9870 15 43 26 12 4 16
9880 18 45 22 13 4 17
9890 17 48 20 12 3 16
9900 15 43 22 14 3 15
9910 18 43 19 14 2 13
9920 17 41 23 16 1 15
9930 16 43 19 11 1 19
9940 20 40 20 13 1 14
9950 25 38 18 15 1 16
9960 25 36 16 15 0 16
9970 25 34 19 13 2 17
9980 24 35 20 15 1 26
9990 21 37 24 20 2 23
10000 19 33 23 22 2 19
10010 16 42 24 26 2 12
10020 15 41 22 22 1 21
10030 12 37 28 24 1 21
10040 16 46 20 18 3 28
10050 16 50 19 22 2 28
10060 21 51 17 17 1 25
10070 20 44 17 15 2 31
10080 22 41 16 12 2 24
10090 19 45 21 15 1 18
10100 24 43 21 11 2 37
10110 25 45 20 10 3 32
10120 25 45 16 9 4 28
10130 23 51 20 12 5 26
10140 21 51 18 9 1 26
10150 24 45 18 12 0 33
10160 23 44 19 12 1 29
10170 20 41 23 13 1 23
10180 18 46 23 13 1 25
10190 18 46 28 16 1 22
10200 21 49 26 19 0 20
10210 23 48 21 20 0 26
10220 24 45 23 23 0 15
10230 22 42 22 18 1 15
10240 20 41 22 17 3 16
10250 18 41 26 20 1 13
10260 21 45 26 16 0 19
10270 18 46 26 17 0 12
10280 17 44 26 19 0 13
10290 19 47 17 14 0 24
10300 16 51 16 18 0 22
10310 18 57 16 12 0 22
10320 17 63 18 10 1 25
10330 15 62 20 12 2 22
10340 11 62 20 16 1 17
10350 13 62 16 13 1 22
10360 17 54 20 13 1 22
10370 15 51 18 13 0 24
10380 17 47 20 9 1 30
10390 17 40 23 9 1 29
10400 16 46 23 12 1 26
10410 14 43 28 14 0 24
10420 18 42 24 12 0 26
10430 14 45 28 19 1 27
10440 15 42 29 19 0 29
10450 17 39 20 17 1 24
10460 13 40 21 21 1 18
10470 12 40 24 20 1 16
10480 12 37 23 19 1 14
10490 12 39 22 19 0 19
10500 14 40 25 21 0 14
10510 15 41 26 20 0 17
10520 15 45 30 19 0 12
10530 19 49 32 18 0 17
10540 17 49 27 20 0 23
10550 18 54 28 19 0 31
10560 21 52 26 14 0 36
10570 20 53 28 14 0 32
10580 19 60 25 16 0 27
10590 19 57 23 18 0 25
10600 21 58 23 14 0 24
10610 20 56 28 20 0 23
10620 23 59 24 17 0 26
10630 21 56 27 19 0 23
10640 23 59 24 19 0 21
10650 19 55 24 18 0 22
10660 20 52 20 17 0 25
10670 20 56 19 15 0 25
10680 17 55 19 19 0 21
10690 20 53 16 15 0 24
10700 17 56 19 16 0 18
10710 19 59 14 12 0 21
10720 19 53 19 10 0 20
10730 14 52 23 12 0 22
10740 12 55 24 11 0 26
10750 12 52 20 10 2 26
10760 12 54 19 10 0 23
10770 12 51 19 8 0 25
10780 13 50 18 7 0 22
10790 13 54 19 8 0 18
10800 13 56 19 7 0 14
10810 12 50 21 8 0 16
10820 13 48 19 9 0 16
10830 10 47 21 11 0 13
10840 13 48 21 11 0 14
10850 15 47 23 9 0 19
10860 14 46 25 12 0 23
10870 19 45 19 12 0 18
10880 21 45 18 12 0 22
10890 20 48 24 14 0 22
10900 24 49 23 11 0 36
10910 24 53 26 13 0 31
10920 24 60 25 13 0 29
10930 27 53 24 14 0 21
10940 24 55 26 18 0 26
10950 25 59 23 18 0 28
10960 24 54 19 15 0 27
10970 21 51 19 16 0 22
10980 22 49 20 18 0 32
10990 21 48 20 15 0 37
11000 25 48 21 15 0 46
11010 21 44 23 13 1 30
11020 21 45 26 14 1 22
11030 24 42 23 11 1 24
11040 25 39 23 8 1 24
11050 26 41 21 9 1 23
11060 23 42 26 11 0 15
11070 21 39 26 11 0 24
11080 21 40 29 11 0 18
11090 19 46 25 12 0 15
11100 17 42 21 12 0 25
11110 16 37 21 17 0 18
11120 20 38 21 13 0 21
11130 21 36 24 16 0 18
11140 21 40 27 16 0 16
11150 24 36 21 14 0 23
11160 21 39 28 16 0 21
11170 19 36 26 16 0 21
11180 17 41 22 20 0 19
11190 15 39 24 21 0 18
11200 20 39 18 21 0 30
11210 20 41 18 19 0 27
11220 18 35 22 17 0 23
11230 20 37 23 17 0 25
11240 20 36 16 14 0 26
11250 19 39 14 14 0 21
11260 17 34 20 18 0 15
11270 16 37 20 22 0 14
11280 13 39 22 20 0 14
11290 14 39 23 21 0 14
11300 13 38 25 24 0 12
11310 15 41 28 21 0 17
11320 15 41 23 19 0 14
11330 18 34 29 17 0 20
11340 18 40 28 15 0 26
11350 20 37 25 11 0 32
11360 21 35 20 10 0 29
11370 21 37 28 13 0 29
11380 20 38 23 14 0 29
11390 22 36 24 15 0 28
11400 19 39 24 15 0 25
11410 21 44 29 17 0 26
11420 18 40 29 18 0 18
11430 15 44 24 19 0 13
11440 19 46 23 16 0 11
11450 24 43 20 16 0 16
11460 20 40 22 18 0 19
11470 20 37 23 16 0 19
11480 20 30 23 15 0 21
11490 21 29 27 16 0 30
11500 20 34 23 14 0 26
11510 24 39 19 11 0 31
11520 21 35 23 15 0 25
11530 22 32 22 14 0 20
11540 19 29 22 21 0 24
11550 23 31 22 16 0 32
11560 28 29 21 13 0 33
11570 28 28 21 15 0 32
11580 21 30 29 19 0 31
11590 21 34 25 16 0 34
11600 20 41 24 13 0 27
11610 16 42 28 17 0 28
11620 19 44 29 21 0 32
11630 16 41 28 21 0 32
11640 20 40 30 21 0 33
11650 21 46 28 23 0 37
11660 19 44 22 22 0 37
11670 22 43 27 24 0 37
11680 24 40 23 21 0 45
11690 23 41 23 18 0 42
11700 27 37 20 16 0 36
11710 25 39 27 18 0 42
11720 18 42 36 24 0 38
11730 20 41 26 21 0 42
11740 21 41 28 21 0 51
11750 23 33 27 19 0 54
11760 20 39 28 20 0 40
11770 24 37 23 17 0 45
11780 23 31 24 21 0 45
11790 26 36 20 20 0 52
11800 24 30 27 21 0 40
11810 21 32 24 18 0 39
11820 22 37 21 16 0 41
11830 19 37 17 14 0 32
11840 18 45 18 13 0 25
11850 16 41 20 20 0 17
11860 14 43 24 23 0 22
11870 14 40 29 23 0 29
11880 18 41 27 18 0 33
11890 18 46 26 19 0 31
11900 19 45 19 17 0 37
11910 15 45 24 20 0 30
11920 19 39 22 18 0 31
11930 16 41 22 19 0 27
11940 17 33 19 17 0 29
11950 16 37 26 17 0 25
11960 16 37 26 19 0 21
11970 16 39 28 19 0 16
11980 20 40 25 14 0 21
11990 19 39 20 14 0 30
12000 22 41 20 14 0 27
12010 23 42 21 14 0 22
12020 19 45 27 18 0 21
12030 19 46 23 19 0 22
12040 18 46 29 18 0 28
12050 18 47 27 19 0 19
12060 22 46 27 15 0 30
12070 22 50 25 15 0 25
12080 22 45 23 14 0 31
12090 19 46 22 14 0 33
12100 20 45 21 13 0 30
12110 25 45 20 13 0 32
12120 22 42 22 14 0 36
12130 22 41 20 13 0 40
12140 19 37 25 15 0 30
12150 20 35 22 14 0 33
12160 18 34 24 15 0 21
12170 21 34 28 13 0 29
12180 23 36 26 12 0 36
12190 21 36 24 16 0 38
12200 17 36 25 18 0 32
12210 15 39 27 18 0 28
12220 18 34 22 15 0 38
12230 19 36 24 13 0 38
12240 18 38 25 12 0 29
12250 16 42 25 15 0 21
12260 15 41 28 15 0 19
12270 15 43 22 15 0 25
12280 15 36 19 14 0 32
12290 17 46 18 11 0 31
12300 15 44 22 13 0 27
12310 14 35 21 13 0 29
12320 13 37 20 13 0 30
12330 12 36 24 10 0 28
12340 13 36 21 9 0 28
12350 15 33 23 10 0 27
12360 17 38 20 10 0 25
12370 18 39 26 12 0 17
12380 18 40 27 12 0 17
12390 17 43 25 11 0 21
12400 19 41 23 11 0 26
12410 17 37 24 17 0 20
12420 17 37 27 17 0 26
12430 22 38 23 13 0 36
12440 24 43 19 15 0 38
12450 22 42 28 17 0 30
12460 23 39 26 15 0 31
12470 19 37 29 18 0 24
12480 23 37 27 13 0 26
12490 20 36 28 15 0 26
12500 21 39 34 13 0 24
12510 20 39 32 15 0 30
12520 18 36 32 13 0 30
12530 18 36 30 13 0 30
12540 18 38 28 13 0 29
12550 17 39 28 13 0 25
12560 20 42 25 11 0 32
12570 21 45 26 9 0 43
12580 15 45 32 14 0 42
12590 18 44 30 14 0 43
12600 18 39 28 13 0 50
12610 17 36 25 12 0 39
12620 19 35 24 11 0 38
12630 18 35 24 12 0 36
12640 20 41 26 13 0 33
12650 20 45 25 11 0 33
12660 19 41 23 14 0 29
12670 18 41 24 14 0 27
12680 20 40 22 13 0 30
12690 24 40 23 12 0 24
12700 24 42 22 10 0 27
12710 19 42 20 14 0 26
12720 21 38 22 13 0 26
12730 20 37 25 10 0 27
12740 20 35 25 10 0 27
12750 19 38 24 13 0 22
12760 24 40 22 11 0 33
12770 25 40 22 7 0 39
12780 22 38 25 12 0 29
12790 17 41 27 16 0 26
12800 18 40 25 13 0 24
12810 20 36 25 14 0 22
12820 22 36 31 10 0 22
12830 21 32 30 13 0 26
12840 17 34 35 17 0 23
12850 19 34 28 14 0 23
12860 20 29 26 13 0 23
12870 17 31 26 14 0 24
12880 17 39 28 11 0 24
12890 17 35 32 16 0 19
12900 16 44 32 18 0 19
12910 16 41 25 16 0 21
12920 19 37 28 12 0 29
12930 21 40 24 12 0 27
12940 23 44 21 9 0 31
12950 19 42 25 13 0 16
12960 17 46 25 12 0 22
12970 20 45 28 13 0 21
12980 21 44 26 13 0 18
12990 18 42 24 13 0 19
13000 18 47 26 14 0 13
13010 16 46 26 13 0 16
13020 15 43 26 13 0 23
13030 15 40 26 13 0 20
13040 16 42 26 13 0 19
13050 18 40 21 11 0 19
13060 19 39 20 11 0 13
13070 19 39 23 11 0 16
13080 21 41 24 8 0 17
13090 24 42 22 6 0 25
13100 23 45 24 8 0 29
13110 17 48 28 12 0 23
13120 16 43 32 16 0 20
13130 18 44 31 17 0 22
13140 18 48 26 22 0 20
13150 15 49 25 19 0 22
13160 18 49 25 17 0 26
13170 14 48 25 21 0 20
13180 13 50 26 21 0 17
13190 9 36 33 25 0 20
13200 15 39 25 19 0 30
13210 16 38 27 20 0 28
13220 17 35 24 17 0 28
13230 16 43 28 17 0 25
13240 19 40 24 17 0 26
13250 21 43 25 16 0 25
13260 20 41 26 17 0 20
13270 22 40 20 18 0 27
13280 19 39 24 22 0 26
13290 22 37 22 19 0 33
13300 26 38 21 14 0 38
13310 26 38 22 14 0 35
13320 22 33 23 14 0 36
13330 22 33 20 15 2 26
13340 25 31 22 15 2 25
13350 25 31 28 12 2 28
13360 24 29 19 10 0 26
13370 26 25 18 13 0 20
13380 27 23 15 12 1 18
13390 25 25 20 12 2 14
13400 26 19 25 10 2 9
13410 26 19 22 11 2 6
13420 23 19 19 11 3 5
13430 24 24 18 8 3 6
13440 25 31 16 8 3 9
13450 25 31 11 10 3 13
13460 24 33 14 6 1 10
13470 25 38 17 5 4 5
13480 27 33 14 5 4 10
13490 26 33 16 5 4 3
13500 26 32 15 4 5 3
13510 25 34 18 6 6 2
13520 23 36 21 6 5 0
13530 22 29 19 6 4 1
13540 22 34 15 4 3 2
13550 21 33 17 4 2 3
13560 22 28 16 4 2 0
13570 20 28 21 7 2 0
13580 22 34 21 5 2 5
13590 21 29 18 6 1 2
13600 23 26 21 6 1 1
13610 25 33 19 7 1 1
13620 20 36 19 8 1 2
13630 21 41 19 7 2 1
13640 23 34 17 6 3 3
13650 22 30 15 8 3 6
13660 25 35 15 7 3 9
13670 27 35 14 7 3 11
13680 26 35 13 5 2 9
13690 27 32 17 5 3 9
13700 28 30 18 2 3 5
13710 26 31 18 2 1 2
13720 25 28 18 3 1 9
13730 23 27 19 3 2 6
13740 21 26 18 5 1 3
13750 19 26 15 3 1 0
13760 20 30 17 2 1 0
13770 21 32 14 1 0 0
13780 22 29 14 3 0 0
13790 22 33 16 3 0 0
13800 21 37 22 4 1 0
13810 23 34 22 2 3 6
13820 22 32 22 1 3 5
13830 21 46 18 2 4 5
13840 21 43 21 2 5 9
13850 21 39 19 2 2 2
13860 21 39 22 3 3 0
13870 21 39 20 2 4 3
13880 22 38 22 1 5 2
13890 24 30 25 2 5 2
13900 23 34 26 2 5 1
13910 24 34 27 4 5 0
13920 22 30 23 2 5 1
13930 19 32 22 6 5 2
13940 21 32 18 6 8 2
13950 20 31 20 5 7 2
13960 21 30 17 6 7 2
13970 20 35 17 9 5 1
13980 21 35 15 5 4 5
13990 20 39 14 4 3 3
14000 21 45 14 5 2 3
14010 23 44 16 3 3 3
14020 24 43 15 4 4 4
14030 23 39 18 3 4 5
14040 22 38 22 3 4 5
14050 18 45 21 5 4 4
14060 17 41 20 5 3 2
14070 19 41 17 3 2 3
14080 19 35 17 4 5 4
14090 20 32 20 4 5 3
14100 18 30 21 3 6 2
14110 16 25 24 5 6 1
14120 18 30 24 4 6 2
14130 17 27 19 5 7 1
14140 17 29 19 6 7 0
14150 16 31 19 3 6 2
14160 16 31 18 3 5 1
14170 16 34 12 6 6 1
14180 16 33 13 6 7 0
14190 18 34 18 5 8 0
14200 19 40 18 4 8 3
14210 19 39 20 4 9 2
14220 19 41 20 6 7 3
14230 19 42 16 5 8 2
14240 20 40 16 5 8 3
14250 21 43 18 5 9 1
14260 21 44 15 5 7 2
14270 21 44 16 4 6 2
14280 20 50 19 6 6 1
14290 22 46 17 4 6 3
14300 23 45 16 3 5 3
14310 23 38 16 3 5 0
14320 20 34 17 5 4 1
14330 21 35 17 4 4 2
14340 21 36 16 3 4 2
14350 22 35 17 4 4 2
14360 22 38 17 2 7 3
14370 23 44 13 3 7 1
14380 23 40 14 3 8 0
14390 20 40 14 2 8 0
14400 20 42 13 4 5 0
14410 22 44 16 4 6 1
14420 23 48 16 3 7 4
14430 26 43 14 2 5 6
14440 25 51 17 3 4 3
14450 23 52 19 2 4 6
14460 26 50 21 1 3 7
14470 25 54 20 1 5 5
14480 26 51 16 0 8 1
14490 25 53 19 1 12 1
14500 25 51 19 2 11 2
14510 21 49 19 3 13 2
14520 18 49 22 4 14 3
14530 20 41 20 3 12 2
14540 20 42 20 3 8 1
14550 23 44 21 6 8 1
14560 23 41 22 4 7 0
14570 24 41 23 5 9 3
14580 24 46 19 3 11 3
14590 23 47 17 5 10 6
14600 23 46 19 3 10 7
14610 23 44 19 5 11 5
14620 23 44 18 5 10 10
14630 25 42 15 4 9 11
14640 26 40 16 5 9 8
14650 29 40 18 5 9 6
14660 27 39 19 6 6 1
14670 27 45 17 5 6 4
14680 25 43 19 8 6 5
14690 25 45 19 8 7 6
14700 24 39 16 10 7 7
14710 25 35 15 8 8 8
14720 27 33 16 8 6 8
14730 25 28 18 9 8 8
14740 24 29 17 8 11 6
14750 26 33 19 6 9 5
14760 26 33 14 6 9 5
14770 25 29 13 6 9 2
14780 24 34 17 7 7 1
14790 25 32 17 8 7 4
14800 26 34 13 8 6 2
14810 25 34 14 6 6 1
14820 24 35 14 5 7 3
14830 26 30 14 4 9 2
14840 25 22 13 4 12 3
14850 27 29 11 4 7 4
14860 26 27 9 3 12 6
14870 24 31 7 4 11 4
14880 25 27 10 5 9 4
14890 22 35 10 4 8 6
14900 21 28 11 5 6 5
14910 21 27 12 6 9 2
14920 19 31 11 6 6 3
14930 22 35 13 6 5 2
14940 22 39 13 7 5 1
14950 24 41 12 6 4 1
14960 23 38 15 7 3 1
14970 23 34 18 4 5 2
14980 22 39 15 5 5 1
14990 20 40 19 5 3 3
15000 20 33 15 5 3 3
15010 20 33 12 6 5 3
15020 21 38 10 5 8 5
15030 22 39 11 5 10 3
15040 23 36 12 8 9 1
15050 21 28 15 8 12 1
15060 24 34 13 8 12 4
15070 24 34 11 6 12 5
15080 27 37 8 4 11 5
15090 29 36 10 6 11 4
15100 32 31 13 4 14 3
15110 31 33 11 6 13 2
15120 28 31 15 7 11 2
15130 28 38 11 9 11 1
15140 28 36 11 9 12 0
15150 28 39 10 6 11 0
15160 26 43 13 5 11 0
15170 26 44 13 5 13 1
15180 26 39 11 2 15 1
15190 23 39 11 4 12 1
15200 23 38 10 4 12 1
15210 25 40 11 4 12 0
15220 23 36 12 5 10 0
15230 21 31 14 7 8 0
15240 22 35 15 7 11 0
15250 22 35 15 9 13 0
15260 23 41 13 8 12 0
15270 23 39 11 8 9 0
15280 23 44 11 8 10 4
15290 23 38 10 10 14 3
15300 24 42 10 11 12 1
15310 23 40 11 12 9 0
15320 23 34 9 10 11 3
15330 23 38 7 11 12 0
15340 23 40 6 11 10 1
15350 23 47 6 10 8 1
15360 28 48 8 8 12 7
15370 24 48 4 7 8 6
15380 24 54 4 7 10 2
15390 22 53 7 9 9 2
15400 21 51 8 7 10 2
15410 23 53 8 8 8 2
15420 23 47 9 7 9 5
15430 24 50 8 6 14 6
15440 23 50 6 5 13 7
15450 23 44 9 6 19 4
15460 23 42 6 5 13 3
15470 22 47 7 4 13 2
15480 20 40 8 5 12 1
15490 20 39 11 3 11 2
15500 19 40 8 4 12 0
15510 22 38 11 2 14 3
15520 23 42 12 5 15 1
15530 23 39 11 3 14 1
15540 23 42 9 6 11 1
15550 22 41 8 5 9 0
15560 20 40 9 7 11 0
15570 19 39 7 7 14 0
15580 19 41 9 6 19 1
15590 18 33 7 5 18 0
15600 18 38 9 4 20 0
15610 20 40 10 6 15 1
15620 20 32 10 5 14 3
15630 21 32 11 4 16 3
15640 21 29 12 4 17 0
15650 21 31 14 2 18 0
15660 21 28 13 2 17 1
15670 18 32 14 3 16 0
15680 18 36 11 3 15 0
15690 18 36 12 3 15 0
15700 20 38 13 2 17 0
15710 22 36 12 3 17 0
15720 20 34 10 2 13 0
15730 18 38 11 3 11 1
15740 18 34 11 2 10 2
15750 19 32 10 2 11 1
15760 19 36 6 2 15 1
15770 18 44 7 2 15 1
15780 17 39 11 2 13 1
15790 14 39 10 2 15 1
15800 17 35 8 3 16 0
15810 17 35 8 3 11 0
15820 18 37 10 4 13 0
15830 17 37 11 4 15 0
15840 17 35 11 5 18 0
15850 19 33 11 5 17 0
15860 17 31 7 5 19 0
15870 18 29 8 5 18 0
15880 17 27 9 5 21 0
15890 18 27 6 4 19 0
15900 22 29 6 5 16 0
15910 22 36 6 3 14 3
15920 24 35 7 5 13 2
15930 26 36 6 5 13 2
15940 27 35 7 6 10 2
15950 26 30 7 6 13 3
15960 27 28 5 7 13 1
15970 27 32 4 7 19 2
15980 26 32 8 8 17 2
15990 25 33 5 9 20 1
16000 24 34 7 9 20 3
16010 26 35 10 6 15 1
16020 26 37 12 7 14 4
16030 26 35 13 10 13 2
16040 24 40 12 10 16 2
16050 26 40 11 9 15 0
16060 26 37 10 10 19 1
16070 26 40 10 8 20 6
16080 26 42 13 10 20 1
16090 29 49 10 8 16 2
16100 29 50 10 7 13 5
16110 28 54 10 5 12 4
16120 26 58 8 5 14 3
16130 25 54 11 3 15 3
16140 26 56 9 2 14 2
16150 26 47 10 3 12 1
16160 25 49 9 2 14 3
16170 22 58 12 2 14 1
16180 26 56 12 3 14 1
16190 26 56 9 2 13 3
16200 26 48 10 2 15 2
16210 27 41 12 1 14 2
16220 25 40 11 1 10 1
16230 23 42 10 0 10 1
16240 24 39 7 0 11 1
16250 25 41 7 1 16 0
16260 24 48 9 2 14 0
16270 26 49 8 4 14 0
16280 25 47 7 3 13 1
16290 24 52 11 2 8 0
16300 25 53 13 2 8 0
16310 21 45 11 3 13 0
16320 23 44 10 4 15 1
16330 23 42 8 4 17 1
16340 23 43 6 6 16 3
16350 23 43 7 7 12 3
16360 22 46 9 7 14 1
16370 22 49 8 6 10 4
16380 23 44 8 6 11 3
16390 22 41 9 6 12 3
16400 23 49 7 5 9 1
16410 22 55 5 5 8 0
16420 19 51 6 5 5 1
16430 17 48 6 5 5 0
16440 16 49 9 4 4 2
16450 16 44 8 4 8 0
16460 16 43 5 2 12 2
16470 15 37 4 1 10 1
16480 16 34 5 1 13 1
16490 18 42 5 4 13 0
16500 18 42 4 3 14 1
16510 18 39 4 3 16 1
16520 19 33 4 5 17 0
16530 19 33 6 4 17 0
16540 20 37 5 4 19 0
16550 19 40 5 3 19 0
16560 18 38 5 3 18 0
16570 18 38 8 2 15 0
16580 18 38 7 2 17 0
16590 18 35 7 3 20 0
16600 18 38 7 3 23 0
16610 21 40 6 2 20 0
16620 22 42 7 2 20 0
16630 22 41 10 3 19 1
16640 19 46 14 4 17 0
16650 19 46 11 5 15 0
16660 19 41 11 5 20 0
16670 19 38 11 5 22 0
16680 20 36 10 4 22 0
16690 23 35 9 4 20 0
16700 22 40 6 4 18 0
16710 24 37 8 4 19 0
16720 24 42 7 5 19 0
16730 23 40 7 4 19 2
16740 26 40 9 5 18 0
16750 26 40 8 5 24 0
16760 25 38 7 3 19 2
16770 24 34 8 3 20 1
16780 23 37 13 3 22 1
16790 20 40 10 4 22 1
16800 20 45 8 3 21 0
16810 19 42 10 3 21 0
16820 19 41 10 4 23 0
16830 18 40 8 3 23 0
16840 18 43 7 4 26 0
16850 17 51 9 4 22 0
16860 18 46 10 3 26 3
16870 17 43 9 2 23 3
16880 19 48 7 2 21 3
16890 18 53 8 2 21 4
16900 16 51 9 3 22 2
16910 16 54 7 2 19 3
16920 16 56 8 2 20 1
16930 14 49 9 3 20 1
16940 13 47 8 4 22 1
16950 15 45 9 3 27 2
16960 14 40 10 3 27 2
16970 12 38 8 2 24 0
16980 14 33 7 2 22 0
16990 12 29 9 2 18 0
17000 14 30 9 2 18 0
17010 17 32 10 2 20 0
17020 16 33 11 4 23 0
17030 15 30 9 4 22 0
17040 15 30 11 5 24 1
17050 14 31 9 4 24 0
17060 15 35 10 4 21 0
17070 15 32 8 3 23 0
17080 15 36 8 2 24 0
17090 13 32 8 3 19 0
17100 12 31 7 4 20 0
17110 13 33 7 4 24 0
17120 13 34 9 4 25 1
17130 14 32 10 3 22 0
17140 13 29 8 6 23 0
17150 13 31 6 4 20 0
17160 11 30 7 4 21 0
17170 12 30 9 4 22 0
17180 13 30 6 3 21 0
17190 13 30 5 3 25 0
17200 15 32 8 3 23 0
17210 15 33 6 2 26 0
17220 16 27 7 2 28 0
17230 16 29 1 2 28 3
17240 18 26 1 2 27 2
17250 17 25 2 4 31 1
17260 19 34 2 6 25 0
17270 22 30 2 4 27 2
17280 21 31 3 5 26 1
