0 14 120 50 15 50 50
50 12 112 54 19 47 48
100 12 117 55 20 49 48
150 11 115 53 24 48 45
200 11 122 54 22 48 50
250 13 113 56 23 47 49
300 10 117 57 23 44 48
350 9 115 58 25 47 48
400 12 113 60 26 43 51
450 10 120 56 27 42 52
500 10 119 59 25 44 52
550 9 116 57 26 43 55
600 9 120 58 28 39 57
650 9 115 59 30 36 56
700 10 114 63 30 38 54
750 6 113 64 30 34 53
800 8 113 66 30 37 52
850 9 115 64 29 34 53
900 9 109 70 33 32 55
950 10 111 67 35 32 58
1000 11 113 69 35 34 59
1050 9 110 68 37 34 59
1100 8 110 70 37 29 58
1150 8 111 74 38 30 61
1200 8 110 74 40 31 61
1250 11 110 73 40 31 61
1300 9 111 78 41 33 61
1350 8 110 77 40 32 60
1400 7 105 74 42 31 62
1450 7 106 74 45 30 62
1500 6 98 78 45 31 61
1550 6 98 75 46 28 62
1600 9 98 77 44 29 59
1650 8 96 77 44 31 61
1700 8 100 74 45 31 63
1750 10 104 74 48 31 67
1800 7 108 77 48 30 64
1850 7 111 80 49 29 61
1900 8 105 73 48 30 61
1950 8 110 75 49 28 61
2000 9 112 77 49 27 63
2050 8 114 76 49 27 62
2100 8 117 74 50 24 61
2150 8 114 78 51 26 63
2200 7 112 79 53 26 61
2250 6 117 80 53 24 61
2300 8 119 81 54 23 61
2350 7 117 80 52 23 60
2400 7 115 82 53 23 58
2450 6 108 83 54 22 62
2500 7 110 83 55 19 62
2550 8 113 86 57 18 60
2600 9 118 87 57 18 58
2650 8 119 89 56 18 58
2700 9 113 89 60 20 57
2750 7 117 92 63 20 57
2800 7 111 94 66 19 59
2850 5 113 94 65 18 59
2900 5 109 94 64 19 59
2950 5 112 93 63 18 58
3000 5 114 91 65 18 58
3050 8 112 93 65 18 60
3100 7 112 91 66 17 57
3150 6 113 98 67 17 55
3200 10 114 97 68 16 57
3250 8 114 100 68 16 59
3300 7 127 103 69 16 57
3350 9 119 102 70 16 59
3400 9 113 100 72 16 58
3450 9 114 98 71 16 56
3500 7 111 101 73 15 56
3550 6 113 100 74 16 54
3600 9 117 101 74 15 60
3650 8 120 104 77 16 61
3700 8 122 105 76 13 61
3750 10 115 101 74 14 63
3800 8 113 102 76 14 61
3850 9 117 105 78 14 62
3900 8 110 105 82 14 59
3950 5 114 101 84 12 60
4000 8 121 103 81 13 61
4050 6 118 99 84 14 62
4100 5 127 98 86 14 61
4150 5 128 97 86 15 63
4200 4 124 98 85 15 61
4250 6 131 95 86 15 61
4300 5 134 100 87 15 58
4350 5 135 102 87 15 58
4400 5 129 103 86 16 58
4450 7 129 106 83 15 55
4500 7 132 98 83 15 56
4550 5 124 99 83 15 57
4600 8 128 100 83 14 56
4650 8 133 104 85 12 56
4700 11 131 105 85 12 56
4750 15 134 102 82 12 61
4800 16 133 107 82 12 64
4850 18 128 100 82 12 67
4900 23 126 99 77 12 79
4950 24 129 95 78 11 81
5000 24 130 93 77 10 83
5050 28 132 90 75 10 91
5100 25 126 87 73 11 91
5150 25 125 92 72 13 88
5200 26 124 85 70 15 101
5250 26 123 84 69 16 102
5300 27 117 84 68 17 99
5350 26 115 83 68 18 99
5400 26 112 82 67 20 94
5450 31 117 77 63 22 101
5500 30 111 76 64 25 98
5550 28 102 72 64 24 101
5600 29 105 74 64 24 101
5650 31 104 70 62 27 104
5700 33 101 64 60 27 109
5750 34 104 63 60 26 107
5800 38 105 56 56 26 117
5850 38 107 58 55 25 116
5900 36 107 54 53 29 114
5950 37 105 56 52 29 116
6000 41 110 54 50 32 120
6050 39 107 52 50 29 118
6100 42 110 57 49 28 118
6150 43 101 54 46 28 121
6200 45 107 54 48 30 121
6250 44 102 53 49 27 120
6300 45 91 53 51 33 117
6350 41 99 53 52 32 118
6400 40 100 50 49 33 117
6450 40 102 50 46 36 116
6500 37 103 52 48 32 114
6550 43 106 48 44 30 116
6600 43 105 51 45 31 115
6650 45 106 53 44 32 112
6700 40 102 55 42 32 112
6750 42 105 58 41 34 110
6800 42 96 56 41 35 110
6850 39 91 54 42 33 108
6900 40 98 56 41 35 108
6950 42 95 57 41 35 106
7000 43 98 59 40 36 103
7050 41 97 61 40 37 103
7100 44 95 53 38 36 103
7150 41 89 50 38 37 108
7200 43 79 54 37 37 106
7250 42 81 52 36 38 106
7300 46 84 56 37 37 106
7350 39 79 57 36 41 101
7400 39 86 55 35 39 104
7450 42 86 59 36 41 102
7500 42 79 58 36 41 100
7550 42 82 60 35 44 95
7600 46 80 59 36 46 96
7650 44 80 58 36 44 96
7700 42 80 59 35 45 100
7750 40 76 61 34 45 100
7800 41 75 59 34 43 100
7850 40 77 59 35 44 99
7900 41 84 56 34 44 98
7950 45 82 56 34 42 98
8000 45 77 57 33 45 93
8050 45 72 56 33 46 94
8100 47 77 56 32 45 98
8150 47 76 54 33 40 95
8200 49 76 55 33 40 92
8250 50 77 55 32 42 94
8300 45 81 54 31 43 95
8350 45 78 54 33 46 92
8400 47 82 53 32 46 90
8450 49 87 50 32 42 87
8500 49 86 49 32 40 90
8550 47 86 54 31 40 85
8600 53 82 51 31 36 88
8650 48 82 50 29 36 88
8700 42 83 50 32 36 86
8750 43 90 54 34 36 84
8800 36 84 51 36 35 85
8850 33 81 55 38 31 81
8900 33 84 58 38 30 81
8950 35 91 56 39 31 83
9000 31 82 59 39 31 82
9050 33 80 58 38 28 83
9100 32 91 63 39 25 83
9150 29 93 58 44 25 81
9200 28 83 62 44 27 84
9250 27 82 61 43 26 85
9300 25 83 60 43 26 87
9350 26 79 63 44 27 91
9400 24 87 61 43 26 91
9450 23 88 60 45 26 87
9500 25 88 65 47 25 92
9550 25 92 61 47 25 94
9600 24 91 60 46 24 92
9650 27 88 64 45 22 95
9700 28 92 61 45 23 95
9750 27 88 62 46 20 94
9800 29 88 60 46 23 92
9850 28 91 58 44 24 93
9900 27 92 62 46 23 91
9950 28 87 68 50 25 95
10000 25 87 73 50 25 95
10050 24 93 79 50 24 97
10100 24 92 71 54 24 96
10150 25 87 71 53 25 98
10200 27 82 73 53 23 97
10250 24 87 71 53 22 98
10300 23 95 71 53 23 99
10350 23 101 70 57 21 97
10400 26 95 71 55 21 98
10450 26 107 74 55 22 94
10500 22 114 75 55 21 97
10550 20 106 77 55 21 96
10600 18 108 76 58 22 94
10650 17 108 79 59 22 97
10700 21 111 76 58 22 96
10750 18 120 78 58 21 95
10800 17 112 79 56 21 96
10850 18 117 81 59 18 96
10900 18 120 80 60 18 99
10950 17 106 82 61 17 97
11000 16 115 83 60 17 99
11050 16 110 79 62 16 95
11100 14 106 82 65 15 105
11150 17 110 81 61 16 101
11200 15 117 78 62 16 102
11250 16 119 75 62 16 104
11300 19 123 75 61 16 101
11350 17 121 76 62 15 101
11400 16 121 78 63 16 104
11450 11 123 83 64 16 101
11500 16 119 82 62 16 102
11550 15 112 81 62 16 99
11600 15 116 76 63 18 97
11650 16 113 80 63 17 99
11700 15 118 79 65 17 102
11750 18 114 73 65 16 105
11800 16 110 74 63 17 104
11850 17 100 74 65 15 105
11900 16 107 76 68 15 106
11950 16 113 73 68 16 103
12000 16 111 74 67 16 106
12050 19 108 70 67 12 100
12100 16 117 71 67 15 106
12150 18 122 71 68 12 108
12200 19 119 76 70 10 108
12250 16 115 76 72 10 109
12300 14 116 75 71 11 108
12350 14 115 83 72 11 114
12400 15 110 76 72 11 113
12450 13 111 78 72 11 111
12500 13 114 81 71 12 116
12550 11 104 84 71 12 116
12600 13 109 83 72 11 112
12650 13 114 86 71 11 117
12700 12 114 82 72 11 119
12750 10 115 81 71 11 118
12800 13 115 84 70 9 116
12850 11 116 86 68 11 114
12900 13 115 84 69 11 111
12950 12 111 89 71 12 114
13000 11 111 88 67 11 108
13050 13 110 89 66 11 109
13100 15 111 86 65 11 111
13150 15 119 84 64 11 110
13200 15 118 81 65 11 111
13250 15 125 82 63 11 108
13300 15 116 85 66 11 107
13350 18 120 82 63 11 120
13400 16 115 80 62 10 121
13450 17 119 82 58 10 119
13500 20 119 80 58 10 115
13550 23 120 79 57 10 123
13600 25 124 74 56 10 123
13650 25 126 74 55 11 124
13700 26 123 81 55 10 123
13750 28 123 77 57 13 120
13800 31 124 78 55 13 118
13850 31 123 74 55 15 116
13900 27 108 69 54 14 115
13950 27 117 74 53 15 111
14000 21 111 74 53 16 111
14050 22 104 69 55 16 109
14100 25 100 65 52 16 116
14150 26 100 67 53 15 120
14200 28 95 66 51 14 120
14250 31 97 62 48 16 125
14300 31 91 67 48 17 121
14350 30 91 63 47 17 119
14400 27 93 62 47 19 118
14450 29 96 64 49 20 120
14500 31 97 60 47 18 119
14550 34 95 62 45 19 120
14600 35 102 56 42 21 124
14650 36 98 61 39 23 121
14700 38 95 60 41 24 129
14750 41 102 58 40 26 132
14800 40 96 55 41 24 132
14850 37 89 57 40 24 132
14900 39 94 59 42 23 128
14950 39 87 56 42 26 126
15000 38 97 52 39 28 127
15050 37 90 56 40 28 126
15100 38 82 55 38 25 127
15150 39 85 55 35 25 124
15200 39 83 55 36 25 122
15250 39 87 55 36 24 121
15300 41 84 53 34 27 122
15350 41 83 54 33 25 121
15400 43 83 52 34 27 119
15450 45 87 52 35 26 115
15500 45 89 47 34 29 116
15550 43 86 48 33 29 120
15600 42 90 52 34 27 120
15650 44 85 48 33 28 118
15700 42 89 54 34 27 117
15750 38 87 50 35 29 116
15800 39 85 50 34 28 116
15850 36 86 48 33 28 109
15900 36 81 51 31 29 106
15950 42 79 53 33 31 108
16000 40 84 50 33 30 102
16050 38 84 59 34 30 100
16100 40 75 57 34 29 103
16150 41 79 58 33 30 102
16200 38 81 54 34 31 98
16250 41 82 56 33 29 100
16300 38 83 56 32 29 98
16350 36 83 57 34 28 99
16400 37 80 51 34 31 99
16450 38 81 50 32 33 98
16500 39 73 50 33 32 98
16550 39 72 51 30 32 96
16600 39 77 50 29 33 95
16650 40 76 48 29 35 94
16700 42 77 47 31 36 94
16750 43 83 51 30 32 97
16800 42 81 47 30 31 94
16850 45 78 50 30 31 91
16900 44 73 47 29 31 96
16950 41 75 45 29 33 93
17000 40 80 46 27 35 91
17050 42 75 46 26 35 90
17100 40 78 46 25 34 90
17150 40 77 44 26 32 91
17200 38 81 45 27 32 91
17250 41 76 45 27 32 87
