0 14 120 50 15 50 50
50 13 116 46 16 48 50
100 12 104 48 17 48 48
150 12 110 51 18 47 48
200 11 102 50 21 46 47
250 9 101 47 21 42 47
300 9 100 53 23 41 48
350 9 105 58 24 42 47
400 9 113 54 23 41 47
450 7 114 54 24 41 48
500 4 116 61 28 41 47
550 5 109 59 28 42 47
600 5 116 59 29 41 45
650 9 108 59 30 40 45
700 8 107 62 30 39 43
750 8 109 60 30 37 45
800 6 111 64 33 36 44
850 7 108 62 33 37 43
900 7 108 57 34 35 43
950 5 110 61 36 36 40
1000 5 107 60 37 37 39
1050 5 108 60 37 36 41
1100 7 101 59 36 36 41
1150 7 108 63 37 36 40
1200 7 110 60 38 37 42
1250 10 106 60 39 36 41
1300 11 110 57 40 33 44
1350 9 107 60 40 30 46
1400 8 106 62 41 31 45
1450 10 105 64 41 34 44
1500 8 101 67 41 32 45
1550 8 105 66 41 32 43
1600 9 106 66 40 32 46
1650 8 114 63 43 31 46
1700 11 109 64 43 30 46
1750 9 111 64 45 28 45
1800 5 106 72 45 26 46
1850 7 103 72 46 26 46
1900 7 103 71 46 27 44
1950 4 113 74 49 27 43
2000 6 112 72 51 25 42
2050 7 102 68 48 29 42
2100 6 108 70 49 29 44
2150 10 108 70 50 27 45
2200 9 113 71 52 28 46
2250 9 106 74 52 27 44
2300 9 112 72 55 28 44
2350 7 112 74 57 25 51
2400 9 110 77 55 26 51
2450 7 107 81 60 24 51
2500 7 113 80 59 24 51
2550 7 110 82 59 24 50
2600 9 121 80 59 24 51
2650 11 119 78 59 21 50
2700 9 116 76 62 22 47
2750 9 110 80 61 21 48
2800 5 107 83 63 22 52
2850 7 111 77 63 20 56
2900 5 108 80 62 19 54
2950 4 102 81 64 20 54
3000 4 113 82 64 20 53
3050 4 106 80 65 19 56
3100 6 115 83 67 18 54
3150 8 112 77 67 19 56
3200 10 113 82 69 18 56
3250 9 110 83 68 18 60
3300 7 108 89 67 16 59
3350 8 117 87 66 16 60
3400 7 111 81 68 15 57
3450 7 110 87 71 16 60
3500 6 113 86 70 17 58
3550 7 116 84 73 16 59
3600 6 119 87 74 16 61
3650 7 117 84 74 16 61
3700 8 116 87 75 17 59
3750 10 117 82 74 17 60
3800 9 117 83 72 18 63
3850 7 109 82 72 17 66
3900 9 110 83 70 18 65
3950 9 114 80 71 15 68
4000 9 111 82 72 16 67
4050 8 113 90 73 16 68
4100 8 118 92 73 16 72
4150 7 121 91 74 15 70
4200 7 111 90 75 15 71
4250 8 113 90 77 14 72
4300 7 117 89 74 14 69
4350 7 122 94 74 15 70
4400 5 121 92 73 13 69
4450 6 121 92 75 13 72
4500 8 121 94 72 12 71
4550 5 120 98 72 12 73
4600 5 116 96 72 13 73
4650 5 116 101 73 11 73
4700 9 114 101 72 12 78
4750 8 121 97 71 12 78
4800 10 124 93 70 12 83
4850 12 126 95 68 12 91
4900 14 125 92 70 12 90
4950 15 124 88 68 11 88
5000 14 122 91 69 11 87
5050 11 121 89 68 12 88
5100 15 120 88 65 13 86
5150 15 118 89 66 14 84
5200 13 113 89 65 16 81
5250 14 117 90 65 17 83
5300 15 109 89 63 18 84
5350 19 106 90 61 20 87
5400 21 103 92 61 21 85
5450 21 107 92 61 21 82
5500 21 105 89 59 22 83
5550 22 104 90 59 22 83
5600 22 112 90 59 22 87
5650 21 110 94 58 24 85
5700 23 116 89 58 24 82
5750 24 114 84 57 25 82
5800 23 115 80 56 26 83
5850 25 120 77 55 26 88
5900 27 118 80 51 25 86
5950 26 118 78 49 27 82
6000 29 112 79 51 26 87
6050 30 106 74 52 26 88
6100 31 113 66 50 26 91
6150 31 116 71 47 27 92
6200 33 110 70 44 26 96
6250 28 108 66 44 26 94
6300 27 104 66 44 28 91
6350 32 116 68 43 29 96
6400 31 111 62 41 31 99
6450 33 110 66 42 30 96
6500 30 105 71 41 30 95
6550 34 111 65 40 31 95
6600 33 102 64 39 30 96
6650 35 104 61 39 28 99
6700 35 103 61 38 29 98
6750 37 100 64 39 31 96
6800 36 113 64 40 30 95
6850 36 109 63 38 32 95
6900 40 102 55 38 32 97
6950 39 97 58 36 33 100
7000 36 96 54 36 35 100
7050 36 99 54 36 36 98
7100 34 106 55 35 35 94
7150 36 97 55 36 36 96
7200 36 105 55 36 36 95
7250 35 101 56 36 36 93
7300 39 103 57 35 34 91
7350 38 99 57 33 37 94
7400 37 99 54 32 34 95
7450 36 98 55 33 32 93
7500 34 101 51 33 33 88
7550 37 93 52 32 31 94
7600 37 96 46 33 31 89
7650 35 93 44 33 32 88
7700 38 92 43 31 33 86
7750 37 90 45 32 33 84
7800 37 91 45 31 34 86
7850 37 91 47 31 32 87
7900 37 97 47 30 31 89
7950 40 91 42 30 34 90
8000 37 96 46 30 32 88
8050 36 96 44 30 34 87
8100 34 101 44 30 33 87
8150 34 92 42 29 36 88
8200 36 96 44 28 38 89
8250 35 96 43 27 40 90
8300 36 91 50 27 40 89
8350 37 92 47 28 39 90
8400 37 90 44 28 39 89
8450 35 90 43 27 39 86
8500 37 89 47 26 39 81
8550 36 90 44 24 39 84
8600 37 91 42 24 37 86
8650 37 88 40 25 39 87
8700 35 90 44 28 39 87
8750 35 95 48 29 38 86
8800 36 94 42 29 37 85
8850 36 92 45 29 37 82
8900 32 94 46 29 36 83
8950 32 96 46 30 36 83
9000 30 96 46 30 37 84
9050 32 94 46 31 36 87
9100 29 97 48 32 34 88
9150 31 101 46 33 33 90
9200 32 105 46 32 32 89
9250 30 102 48 32 28 90
9300 30 97 52 34 30 92
9350 29 102 52 39 29 94
9400 29 109 56 40 29 95
9450 26 100 56 42 31 93
9500 27 102 56 40 29 99
9550 26 100 58 39 31 98
9600 27 109 56 39 29 96
9650 23 102 57 41 29 92
9700 24 103 58 41 29 91
9750 22 101 58 43 28 92
9800 18 102 59 42 26 94
9850 21 105 61 42 25 93
9900 20 97 64 44 23 93
9950 19 103 64 44 23 93
10000 21 102 62 46 22 91
10050 22 106 65 48 24 92
10100 24 115 65 48 22 98
10150 24 110 71 48 22 100
10200 25 111 69 49 23 98
10250 27 111 69 50 22 98
10300 27 109 64 50 21 100
10350 27 115 68 52 19 103
10400 27 113 61 50 21 102
10450 22 111 65 51 21 104
10500 23 106 69 51 27 103
10550 22 111 69 53 25 105
10600 22 111 69 54 24 102
10650 23 116 69 55 24 103
10700 22 118 72 58 22 103
10750 21 116 65 58 22 99
10800 23 120 65 58 21 102
10850 23 115 71 59 20 104
10900 24 114 68 58 20 107
10950 24 118 68 58 21 106
11000 21 111 70 63 20 103
11050 22 108 74 61 19 99
11100 21 111 73 60 17 99
11150 21 111 73 60 15 99
11200 19 113 76 62 16 100
11250 18 109 77 63 16 100
11300 18 113 76 64 16 98
11350 17 116 75 65 15 99
11400 15 112 77 65 15 101
11450 16 116 77 64 15 101
11500 14 118 75 67 16 103
11550 17 117 72 66 16 101
11600 16 111 75 67 17 103
11650 15 113 76 69 16 99
11700 14 115 75 66 18 99
11750 16 113 77 68 16 96
11800 18 111 77 67 18 98
11850 20 114 79 66 18 97
11900 19 116 80 67 18 98
11950 24 115 84 68 15 96
12000 21 117 81 69 16 95
12050 20 118 84 70 15 93
12100 16 125 80 71 14 94
12150 20 128 74 70 13 95
12200 20 127 74 70 13 93
12250 22 124 73 69 13 93
12300 17 124 78 70 13 91
12350 21 124 74 69 14 93
12400 17 129 75 74 15 91
12450 17 124 78 74 13 95
12500 16 113 74 73 13 94
12550 16 127 73 75 13 93
12600 16 128 77 78 13 93
12650 16 128 77 77 12 93
12700 18 129 77 79 10 93
12750 19 136 74 77 11 92
12800 20 138 75 75 11 89
12850 16 128 79 78 10 92
12900 17 130 81 76 11 91
12950 16 136 74 73 11 92
13000 16 137 76 75 10 90
13050 15 136 77 76 10 90
13100 15 132 79 76 10 89
13150 14 131 82 78 11 90
13200 14 123 82 78 11 90
13250 15 126 82 77 11 89
13300 13 131 77 75 11 86
13350 18 126 75 71 12 97
13400 19 131 75 68 12 101
13450 20 131 75 65 12 101
13500 17 131 75 67 12 106
13550 21 137 69 61 11 112
13600 22 135 65 61 12 116
13650 22 129 67 61 12 115
13700 25 129 61 57 13 119
13750 25 124 57 57 15 118
13800 25 131 57 55 14 122
13850 26 124 57 54 16 119
13900 23 123 54 54 16 121
13950 24 122 55 54 17 117
14000 24 119 54 53 21 114
14050 27 115 55 53 20 118
14100 30 119 52 53 23 115
14150 28 110 51 53 25 109
14200 32 106 50 51 28 110
14250 28 103 45 51 27 108
14300 26 96 49 50 27 107
14350 26 101 44 51 27 105
14400 30 95 46 53 28 106
14450 28 102 43 53 29 106
14500 28 102 46 51 27 103
14550 28 95 42 50 27 103
14600 28 97 41 50 27 102
14650 29 108 43 51 25 104
14700 28 100 45 49 26 105
14750 32 100 45 50 25 106
14800 30 93 47 49 28 106
14850 31 94 42 49 28 107
14900 33 94 42 50 28 109
14950 30 93 45 48 30 104
15000 31 96 47 49 31 104
15050 31 94 48 50 32 102
15100 35 91 45 48 31 107
15150 36 94 44 45 33 109
15200 42 89 43 46 34 108
15250 43 94 40 45 35 111
15300 42 92 40 40 35 110
15350 37 84 38 40 35 114
15400 38 86 34 38 34 113
15450 35 79 37 40 38 109
15500 35 80 37 41 42 105
15550 36 76 34 41 39 108
15600 39 75 34 40 39 110
15650 39 76 38 38 39 106
15700 36 82 36 40 38 106
15750 36 83 38 40 40 107
15800 38 80 38 39 38 104
15850 40 82 38 38 40 101
15900 37 83 37 39 38 98
15950 38 81 37 39 42 97
16000 39 86 41 39 44 98
16050 35 86 43 39 41 97
16100 36 89 42 39 39 96
16150 35 91 40 39 42 90
16200 36 91 33 36 40 97
16250 36 93 36 35 44 92
16300 36 90 37 35 41 94
16350 35 94 39 35 42 96
16400 38 89 42 35 44 95
16450 38 86 40 35 44 92
16500 42 90 35 36 43 93
16550 39 89 38 34 44 94
16600 38 91 41 33 45 95
16650 39 90 38 32 44 97
16700 42 85 38 32 43 98
16750 40 91 41 29 41 98
16800 43 92 41 29 40 93
16850 44 90 40 28 39 94
16900 46 86 37 30 39 91
16950 47 95 37 28 39 93
17000 44 89 39 29 39 90
17050 45 91 38 29 39 88
17100 47 95 40 28 36 89
17150 46 96 39 29 37 90
17200 45 98 42 27 36 91
17250 45 106 42 28 36 90
