0 14 120 50 15 50 50
50 13 116 46 14 50 50
100 12 113 50 16 50 49
150 11 113 51 17 49 48
200 9 111 50 19 48 48
250 8 103 50 22 47 48
300 8 101 49 20 47 48
350 10 107 49 19 48 49
400 9 109 54 22 45 49
450 7 113 57 21 42 48
500 6 105 55 21 43 47
550 7 104 60 21 40 45
600 8 105 56 21 36 48
650 8 107 58 22 38 48
700 10 101 58 23 39 48
750 10 105 59 24 37 49
800 10 100 59 25 37 47
850 9 102 60 29 37 48
900 8 100 59 31 37 49
950 5 102 62 35 36 48
1000 6 101 62 34 34 48
1050 6 109 64 35 33 49
1100 4 111 66 38 32 48
1150 7 112 70 39 31 47
1200 6 109 65 37 30 47
1250 8 111 68 39 30 46
1300 5 111 71 41 31 45
1350 6 121 73 42 30 45
1400 6 116 75 42 30 44
1450 7 110 73 41 29 44
1500 7 117 73 41 28 42
1550 7 119 76 44 27 43
1600 8 118 81 44 26 42
1650 11 115 82 44 26 42
1700 10 116 81 45 26 45
1750 7 117 84 47 26 48
1800 5 119 84 47 23 48
1850 6 114 86 50 22 48
1900 10 106 86 49 23 50
1950 9 104 88 50 24 51
2000 9 105 86 52 22 52
2050 8 105 84 51 22 55
2100 6 98 88 53 23 54
2150 10 101 88 54 23 53
2200 7 94 91 56 22 52
2250 7 100 86 58 24 54
2300 7 103 85 58 22 55
2350 8 100 88 62 21 55
2400 3 103 92 64 22 56
2450 9 101 90 63 23 58
2500 8 104 93 65 23 55
2550 11 103 89 68 22 57
2600 12 102 92 66 21 60
2650 10 98 94 71 19 60
2700 12 85 96 74 19 60
2750 11 90 94 72 17 59
2800 14 95 93 75 16 58
2850 11 96 98 74 17 63
2900 9 84 98 75 17 62
2950 6 89 98 77 17 63
3000 6 92 99 76 17 64
3050 6 90 98 76 18 64
3100 8 91 94 72 18 66
3150 9 92 97 72 18 64
3200 10 93 99 76 18 64
3250 8 95 100 78 18 63
3300 10 91 101 80 18 63
3350 6 97 102 83 18 62
3400 9 97 105 83 17 64
3450 7 99 110 84 17 63
3500 8 99 109 84 17 63
3550 8 98 107 90 17 65
3600 8 96 111 92 17 63
3650 11 99 107 90 17 66
3700 11 92 107 92 17 66
3750 11 89 106 93 17 64
3800 9 101 110 93 17 65
3850 10 93 115 98 18 67
3900 10 96 113 97 18 67
3950 11 92 115 98 17 67
4000 12 97 114 95 17 70
4050 11 96 117 99 16 69
4100 12 98 119 98 15 72
4150 10 91 121 100 16 72
4200 11 97 115 100 14 74
4250 10 94 124 101 15 72
4300 6 87 124 103 15 70
4350 6 98 125 102 14 73
4400 7 99 127 103 14 73
4450 6 100 125 102 14 72
4500 8 103 123 102 14 77
4550 9 109 124 98 15 77
4600 5 109 121 102 15 79
4650 6 118 126 101 14 80
4700 5 124 128 106 14 77
4750 9 118 132 99 14 92
4800 16 113 120 94 13 105
4850 19 108 117 92 13 109
4900 23 108 111 87 13 126
4950 26 111 102 85 12 128
5000 30 112 105 82 12 136
5050 29 109 101 81 11 136
5100 31 113 99 80 11 139
5150 32 109 94 78 12 137
5200 32 109 87 78 13 144
5250 30 116 89 73 11 152
5300 29 111 84 75 10 157
5350 29 110 84 75 12 155
5400 30 112 82 72 12 155
5450 27 117 87 72 11 154
5500 28 118 86 72 10 155
5550 26 120 81 74 11 161
5600 29 115 80 72 11 159
5650 30 117 78 69 10 164
5700 27 116 75 68 9 162
5750 30 120 71 68 9 166
5800 30 120 68 66 10 165
5850 30 117 70 65 9 163
5900 34 123 68 62 9 167
5950 34 118 69 62 9 171
6000 36 122 69 61 10 167
6050 36 125 70 60 10 169
6100 36 132 71 61 11 176
6150 38 126 71 59 9 178
6200 36 133 68 58 10 182
6250 37 133 67 57 9 179
6300 35 141 66 56 10 181
6350 35 138 69 53 9 181
6400 36 127 67 54 8 180
6450 36 126 68 50 7 180
6500 34 122 67 49 8 180
6550 37 123 72 49 7 176
6600 36 118 69 45 8 181
6650 36 120 66 44 7 185
6700 37 116 65 43 8 188
6750 38 119 60 40 8 191
6800 37 125 63 40 7 194
6850 33 124 61 38 8 195
6900 36 122 60 40 7 198
6950 33 118 59 42 8 196
7000 34 122 58 41 8 196
7050 34 128 56 42 7 192
7100 33 122 57 42 7 189
7150 34 116 57 40 7 193
7200 35 122 56 36 7 194
7250 32 121 61 37 7 197
7300 34 119 57 38 6 190
7350 34 119 58 34 6 195
7400 32 124 57 34 7 192
7450 30 128 57 34 6 189
7500 29 127 49 32 6 191
7550 28 128 52 34 6 188
7600 26 131 50 34 6 188
7650 27 122 54 34 6 188
7700 26 130 54 33 4 189
7750 26 131 50 33 4 189
7800 26 133 49 31 4 189
7850 28 127 51 31 4 188
7900 26 122 51 31 4 189
7950 25 123 45 32 5 188
8000 22 122 48 33 5 188
8050 28 126 43 31 5 188
8100 29 123 44 30 4 188
8150 29 121 46 29 4 190
8200 32 121 45 28 4 185
8250 35 117 43 25 4 195
8300 33 121 44 25 4 196
8350 33 116 45 26 4 191
8400 30 124 41 24 4 188
8450 30 122 42 26 4 187
8500 33 122 45 25 4 194
8550 30 133 39 25 4 187
8600 31 128 39 25 3 187
8650 30 127 42 26 3 192
8700 30 123 40 27 4 191
8750 28 134 43 27 4 190
8800 25 131 44 26 4 183
8850 26 134 44 26 4 195
8900 25 132 42 26 4 190
8950 24 134 45 29 4 188
9000 20 129 42 31 4 188
9050 22 137 47 31 3 186
9100 23 124 49 32 3 183
9150 21 123 48 32 3 183
9200 19 123 53 34 3 187
9250 19 122 51 34 3 183
9300 17 124 55 35 3 181
9350 15 127 57 36 3 176
9400 17 125 52 37 3 182
9450 18 119 54 38 3 186
9500 18 118 52 38 3 181
9550 19 124 55 39 3 188
9600 17 123 57 40 3 182
9650 21 119 55 38 3 178
9700 18 123 55 38 3 178
9750 19 117 55 37 3 182
9800 18 122 56 42 3 180
9850 15 131 56 41 3 177
9900 18 127 54 42 3 176
9950 14 129 59 44 3 176
10000 11 123 63 44 2 174
10050 12 124 64 45 3 173
10100 13 124 61 46 3 175
10150 13 123 61 46 3 175
10200 15 121 60 45 2 178
10250 17 125 57 44 2 178
10300 18 136 63 47 3 179
10350 19 118 60 49 3 179
10400 18 119 70 49 3 179
10450 21 122 68 48 2 180
10500 21 125 66 50 3 182
10550 21 124 66 51 2 174
10600 18 131 69 51 3 177
10650 22 131 68 51 2 179
10700 19 127 74 50 3 184
10750 15 131 75 53 2 182
10800 21 128 80 53 2 181
10850 19 128 76 52 2 173
10900 16 131 76 52 2 172
10950 18 127 76 53 2 178
11000 19 138 78 52 2 176
11050 20 127 73 51 2 171
11100 19 139 74 53 2 171
11150 17 137 68 52 2 171
11200 19 139 70 51 2 171
11250 20 140 70 53 2 172
11300 19 131 73 55 2 175
11350 20 124 73 55 2 175
11400 17 129 77 55 2 172
11450 19 130 76 54 2 171
11500 20 136 77 56 2 171
11550 23 136 77 58 2 171
11600 21 141 79 57 2 167
11650 21 137 83 61 2 168
11700 22 135 83 62 2 167
11750 22 139 82 61 2 166
11800 23 136 81 61 3 165
11850 22 137 83 60 2 171
11900 22 142 83 57 2 164
11950 25 138 82 60 3 165
12000 22 142 86 63 3 167
12050 27 140 85 63 3 171
12100 25 138 80 61 3 171
12150 22 141 82 65 3 175
12200 21 138 82 62 3 171
12250 21 141 83 62 3 165
12300 23 134 81 59 3 166
12350 22 136 77 59 2 167
12400 19 135 84 58 1 168
12450 20 130 81 60 2 168
12500 23 132 80 62 1 164
12550 24 133 77 59 2 165
12600 22 132 81 57 2 167
12650 22 133 80 60 2 168
12700 22 133 84 59 2 169
12750 23 131 87 61 2 167
12800 20 136 86 63 2 172
12850 18 133 86 65 2 169
12900 17 127 85 61 2 172
12950 16 132 81 62 1 170
13000 17 128 78 60 1 173
13050 16 128 81 61 1 172
13100 15 127 79 59 1 173
13150 15 121 81 59 1 168
13200 16 132 81 59 1 168
13250 15 136 87 59 1 162
13300 18 134 86 57 1 162
13350 17 132 85 58 1 160
13400 17 123 86 58 1 160
13450 17 129 82 58 1 156
13500 20 131 81 55 1 157
13550 24 126 75 53 1 162
13600 25 132 73 51 1 171
13650 28 137 67 51 1 173
13700 28 139 73 48 1 173
13750 26 130 74 49 3 172
13800 27 126 72 47 6 167
13850 26 119 70 50 8 172
13900 26 120 73 49 9 170
13950 29 121 73 47 9 169
14000 27 126 73 49 8 171
14050 26 122 70 47 9 166
14100 28 117 68 45 8 169
14150 27 119 65 46 9 168
14200 30 122 63 44 9 168
14250 28 131 66 48 9 169
14300 28 127 66 49 9 163
14350 27 119 68 47 9 165
14400 26 110 70 43 8 164
14450 28 108 69 44 7 164
14500 28 104 68 44 7 162
14550 28 99 66 44 7 164
14600 28 109 69 46 7 165
14650 29 113 67 43 7 168
14700 27 121 70 42 7 166
14750 30 116 63 41 7 171
14800 30 114 66 41 7 171
14850 30 120 62 38 7 173
14900 30 124 61 36 7 174
14950 30 125 60 34 7 182
15000 27 121 61 34 7 175
15050 27 123 60 32 6 183
15100 29 120 54 31 6 185
15150 30 121 62 31 6 184
15200 29 124 57 29 6 184
15250 28 122 58 29 5 184
15300 31 129 59 27 5 188
15350 28 131 60 26 5 184
15400 29 126 56 26 5 186
15450 29 125 55 28 5 183
15500 28 123 57 29 5 181
15550 27 128 59 29 5 184
15600 27 121 59 28 5 178
15650 26 121 54 27 5 179
15700 27 128 52 25 4 177
15750 27 127 57 25 3 176
15800 29 132 56 24 3 180
15850 28 129 54 24 2 178
15900 28 132 55 23 2 178
15950 29 132 55 21 2 179
16000 27 123 56 23 3 177
16050 27 125 50 20 3 178
16100 27 131 52 21 3 174
16150 25 126 53 20 2 172
16200 26 128 48 20 3 174
16250 26 129 47 20 2 172
16300 24 125 48 20 2 175
16350 23 131 47 20 3 173
16400 21 129 41 22 4 175
16450 23 134 41 20 4 172
16500 22 133 43 21 4 170
16550 23 136 43 19 4 169
16600 24 134 39 21 3 169
16650 26 135 40 24 3 169
16700 25 123 40 24 3 167
16750 27 121 42 21 3 166
16800 24 120 40 20 3 165
16850 26 124 41 20 3 167
16900 25 121 41 19 3 163
16950 28 123 45 20 3 166
17000 26 123 43 20 3 165
17050 24 121 41 19 3 166
17100 26 126 41 19 3 163
17150 27 124 44 20 3 164
17200 29 124 47 20 3 165
17250 32 122 45 20 4 164
